-5 -0.839072
-4.99 -0.834174
-4.98 -0.829277
-4.97 -0.82438
-4.96 -0.819483
-4.95 -0.814586
-4.94 -0.809689
-4.93 -0.804792
-4.92 -0.799896
-4.91 -0.795
-4.9 -0.790105
-4.89 -0.78521
-4.88 -0.780315
-4.87 -0.775421
-4.86 -0.770527
-4.85 -0.765634
-4.84 -0.760741
-4.83 -0.755849
-4.82 -0.750957
-4.81 -0.746067
-4.8 -0.741177
-4.79 -0.736288
-4.78 -0.731399
-4.77 -0.726512
-4.76 -0.721625
-4.75 -0.71674
-4.74 -0.711855
-4.73 -0.706972
-4.72 -0.702089
-4.71 -0.697208
-4.7 -0.692327
-4.69 -0.687448
-4.68 -0.68257
-4.67 -0.677693
-4.66 -0.672818
-4.65 -0.667944
-4.64 -0.663071
-4.63 -0.6582
-4.62 -0.65333
-4.61 -0.648461
-4.6 -0.643594
-4.59 -0.638729
-4.58 -0.633865
-4.57 -0.629003
-4.56 -0.624143
-4.55 -0.619284
-4.54 -0.614427
-4.53 -0.609572
-4.52 -0.604719
-4.51 -0.599867
-4.5 -0.595018
-4.49 -0.59017
-4.48 -0.585325
-4.47 -0.580481
-4.46 -0.57564
-4.45 -0.5708
-4.44 -0.565963
-4.43 -0.561128
-4.42 -0.556295
-4.41 -0.551464
-4.4 -0.546636
-4.39 -0.54181
-4.38 -0.536987
-4.37 -0.532166
-4.36 -0.527347
-4.35 -0.522531
-4.34 -0.517717
-4.33 -0.512906
-4.32 -0.508098
-4.31 -0.503292
-4.3 -0.498489
-4.29 -0.493688
-4.28 -0.488891
-4.27 -0.484096
-4.26 -0.479304
-4.25 -0.474515
-4.24 -0.469729
-4.23 -0.464946
-4.22 -0.460165
-4.21 -0.455388
-4.2 -0.450614
-4.19 -0.445843
-4.18 -0.441076
-4.17 -0.436311
-4.16 -0.43155
-4.15 -0.426792
-4.14 -0.422037
-4.13 -0.417286
-4.12 -0.412538
-4.11 -0.407793
-4.1 -0.403052
-4.09 -0.398314
-4.08 -0.39358
-4.07 -0.38885
-4.06 -0.384123
-4.05 -0.3794
-4.04 -0.374681
-4.03 -0.369965
-4.02 -0.365253
-4.01 -0.360545
-4 -0.355841
-3.99 -0.35114
-3.98 -0.346444
-3.97 -0.341752
-3.96 -0.337063
-3.95 -0.332379
-3.94 -0.327699
-3.93 -0.323023
-3.92 -0.318351
-3.91 -0.313683
-3.9 -0.30902
-3.89 -0.304361
-3.88 -0.299706
-3.87 -0.295055
-3.86 -0.290409
-3.85 -0.285768
-3.84 -0.281131
-3.83 -0.276498
-3.82 -0.27187
-3.81 -0.267247
-3.8 -0.262628
-3.79 -0.258014
-3.78 -0.253404
-3.77 -0.2488
-3.76 -0.2442
-3.75 -0.239605
-3.74 -0.235015
-3.73 -0.23043
-3.72 -0.22585
-3.71 -0.221274
-3.7 -0.216704
-3.69 -0.212139
-3.68 -0.207579
-3.67 -0.203024
-3.66 -0.198475
-3.65 -0.19393
-3.64 -0.189391
-3.63 -0.184857
-3.62 -0.180328
-3.61 -0.175805
-3.6 -0.171288
-3.59 -0.166775
-3.58 -0.162269
-3.57 -0.157767
-3.56 -0.153272
-3.55 -0.148782
-3.54 -0.144297
-3.53 -0.139819
-3.52 -0.135346
-3.51 -0.130879
-3.5 -0.126417
-3.49 -0.121962
-3.48 -0.117512
-3.47 -0.113069
-3.46 -0.108631
-3.45 -0.104199
-3.44 -0.0997735
-3.43 -0.0953539
-3.42 -0.0909405
-3.41 -0.0865332
-3.4 -0.0821322
-3.39 -0.0777373
-3.38 -0.0733488
-3.37 -0.0689666
-3.36 -0.0645907
-3.35 -0.0602213
-3.34 -0.0558582
-3.33 -0.0515017
-3.32 -0.0471516
-3.31 -0.0428082
-3.3 -0.0384713
-3.29 -0.034141
-3.28 -0.0298174
-3.27 -0.0255006
-3.26 -0.0211904
-3.25 -0.0168871
-3.24 -0.0125906
-3.23 -0.00830094
-3.22 -0.00401821
-3.21 0.000257585
-3.2 0.00452639
-3.19 0.00878818
-3.18 0.0130429
-3.17 0.0172905
-3.16 0.021531
-3.15 0.0257643
-3.14 0.0299904
-3.13 0.0342092
-3.12 0.0384208
-3.11 0.042625
-3.1 0.0468218
-3.09 0.0510112
-3.08 0.0551932
-3.07 0.0593677
-3.06 0.0635346
-3.05 0.067694
-3.04 0.0718457
-3.03 0.0759899
-3.02 0.0801263
-3.01 0.084255
-3 0.0883759
-2.99 0.0924891
-2.98 0.0965944
-2.97 0.100692
-2.96 0.104781
-2.95 0.108863
-2.94 0.112936
-2.93 0.117002
-2.92 0.121059
-2.91 0.125109
-2.9 0.12915
-2.89 0.133183
-2.88 0.137208
-2.87 0.141224
-2.86 0.145232
-2.85 0.149232
-2.84 0.153223
-2.83 0.157206
-2.82 0.161181
-2.81 0.165147
-2.8 0.169104
-2.79 0.173053
-2.78 0.176994
-2.77 0.180925
-2.76 0.184848
-2.75 0.188762
-2.74 0.192668
-2.73 0.196564
-2.72 0.200452
-2.71 0.204331
-2.7 0.208201
-2.69 0.212062
-2.68 0.215913
-2.67 0.219756
-2.66 0.22359
-2.65 0.227415
-2.64 0.23123
-2.63 0.235036
-2.62 0.238833
-2.61 0.242621
-2.6 0.2464
-2.59 0.250169
-2.58 0.253928
-2.57 0.257678
-2.56 0.261419
-2.55 0.26515
-2.54 0.268872
-2.53 0.272584
-2.52 0.276286
-2.51 0.279979
-2.5 0.283662
-2.49 0.288565
-2.48 0.293458
-2.47 0.298341
-2.46 0.303214
-2.45 0.308077
-2.44 0.31293
-2.43 0.317772
-2.42 0.322604
-2.41 0.327426
-2.4 0.332238
-2.39 0.337038
-2.38 0.341829
-2.37 0.346608
-2.36 0.351377
-2.35 0.356135
-2.34 0.360882
-2.33 0.365618
-2.32 0.370342
-2.31 0.375056
-2.3 0.379759
-2.29 0.38445
-2.28 0.389129
-2.27 0.393797
-2.26 0.398454
-2.25 0.403099
-2.24 0.407732
-2.23 0.412354
-2.22 0.416963
-2.21 0.421561
-2.2 0.426146
-2.19 0.43072
-2.18 0.435281
-2.17 0.43983
-2.16 0.444366
-2.15 0.44889
-2.14 0.453402
-2.13 0.457901
-2.12 0.462387
-2.11 0.466861
-2.1 0.471321
-2.09 0.475769
-2.08 0.480204
-2.07 0.484626
-2.06 0.489034
-2.05 0.49343
-2.04 0.497812
-2.03 0.50218
-2.02 0.506536
-2.01 0.510877
-2 0.515205
-1.99 0.519519
-1.98 0.52382
-1.97 0.528107
-1.96 0.532379
-1.95 0.536638
-1.94 0.540883
-1.93 0.545113
-1.92 0.549329
-1.91 0.553531
-1.9 0.557719
-1.89 0.561891
-1.88 0.56605
-1.87 0.570194
-1.86 0.574322
-1.85 0.578437
-1.84 0.582536
-1.83 0.58662
-1.82 0.590689
-1.81 0.594744
-1.8 0.598782
-1.79 0.602806
-1.78 0.606814
-1.77 0.610807
-1.76 0.614785
-1.75 0.618746
-1.74 0.622692
-1.73 0.626623
-1.72 0.630537
-1.71 0.634435
-1.7 0.638318
-1.69 0.642184
-1.68 0.646035
-1.67 0.649869
-1.66 0.653686
-1.65 0.657488
-1.64 0.661273
-1.63 0.665041
-1.62 0.668793
-1.61 0.672528
-1.6 0.676246
-1.59 0.679947
-1.58 0.683632
-1.57 0.687299
-1.56 0.690949
-1.55 0.694582
-1.54 0.698198
-1.53 0.701797
-1.52 0.705378
-1.51 0.708941
-1.5 0.712487
-1.49 0.716016
-1.48 0.719526
-1.47 0.723019
-1.46 0.726494
-1.45 0.729951
-1.44 0.73339
-1.43 0.736811
-1.42 0.740213
-1.41 0.743598
-1.4 0.746963
-1.39 0.750311
-1.38 0.75364
-1.37 0.75695
-1.36 0.760242
-1.35 0.763515
-1.34 0.766769
-1.33 0.770004
-1.32 0.77322
-1.31 0.776417
-1.3 0.779595
-1.29 0.782754
-1.28 0.785893
-1.27 0.789013
-1.26 0.792113
-1.25 0.795194
-1.24 0.798256
-1.23 0.801297
-1.22 0.804319
-1.21 0.807321
-1.2 0.810303
-1.19 0.813265
-1.18 0.816207
-1.17 0.819128
-1.16 0.82203
-1.15 0.824911
-1.14 0.827771
-1.13 0.830612
-1.12 0.833431
-1.11 0.83623
-1.1 0.839008
-1.09 0.841766
-1.08 0.844502
-1.07 0.847217
-1.06 0.849912
-1.05 0.852585
-1.04 0.855237
-1.03 0.857868
-1.02 0.860478
-1.01 0.863066
-1 0.865632
-0.99 0.868177
-0.98 0.8707
-0.97 0.873201
-0.96 0.875681
-0.95 0.878139
-0.94 0.880574
-0.93 0.882988
-0.92 0.885379
-0.91 0.887748
-0.9 0.890095
-0.89 0.89242
-0.88 0.894722
-0.87 0.897001
-0.86 0.899258
-0.85 0.901492
-0.84 0.903703
-0.83 0.905892
-0.82 0.908057
-0.81 0.910199
-0.8 0.912319
-0.79 0.914415
-0.78 0.916488
-0.77 0.918537
-0.76 0.920563
-0.75 0.922566
-0.74 0.924545
-0.73 0.9265
-0.72 0.928432
-0.71 0.93034
-0.7 0.932224
-0.69 0.934084
-0.68 0.93592
-0.67 0.937731
-0.66 0.939519
-0.65 0.941282
-0.64 0.943021
-0.63 0.944735
-0.62 0.946425
-0.61 0.948091
-0.6 0.949731
-0.59 0.951347
-0.58 0.952938
-0.57 0.954504
-0.56 0.956045
-0.55 0.957561
-0.54 0.959052
-0.53 0.960517
-0.52 0.961958
-0.51 0.963372
-0.5 0.964762
-0.49 0.966126
-0.48 0.967464
-0.47 0.968776
-0.46 0.970063
-0.45 0.971324
-0.44 0.972559
-0.43 0.973767
-0.42 0.97495
-0.41 0.976107
-0.4 0.977237
-0.39 0.978341
-0.38 0.979418
-0.37 0.980469
-0.36 0.981494
-0.35 0.982491
-0.34 0.983462
-0.33 0.984406
-0.32 0.985324
-0.31 0.986214
-0.3 0.987077
-0.29 0.987913
-0.28 0.988722
-0.27 0.989504
-0.26 0.990258
-0.25 0.990985
-0.24 0.991684
-0.23 0.992356
-0.22 0.992999
-0.21 0.993616
-0.2 0.994204
-0.19 0.994764
-0.18 0.995297
-0.17 0.995801
-0.16 0.996277
-0.15 0.996725
-0.14 0.997144
-0.13 0.997536
-0.12 0.997898
-0.11 0.998232
-0.1 0.998538
-0.09 0.998815
-0.08 0.999063
-0.07 0.999282
-0.06 0.999472
-0.05 0.999633
-0.04 0.999765
-0.03 0.999868
-0.02 0.999941
-0.01 0.999985
0 1
0.01 0.999678
0.02 0.999326
0.03 0.998946
0.04 0.998536
0.05 0.998097
0.06 0.997629
0.07 0.997132
0.08 0.996606
0.09 0.996052
0.1 0.995469
0.11 0.994858
0.12 0.994218
0.13 0.993551
0.14 0.992855
0.15 0.992131
0.16 0.991379
0.17 0.9906
0.18 0.989793
0.19 0.988958
0.2 0.988096
0.21 0.987206
0.22 0.98629
0.23 0.985346
0.24 0.984375
0.25 0.983377
0.26 0.982353
0.27 0.981302
0.28 0.980224
0.29 0.97912
0.3 0.977989
0.31 0.976832
0.32 0.975649
0.33 0.97444
0.34 0.973205
0.35 0.971944
0.36 0.970658
0.37 0.969346
0.38 0.968008
0.39 0.966645
0.4 0.965257
0.41 0.963843
0.42 0.962405
0.43 0.960942
0.44 0.959453
0.45 0.95794
0.46 0.956403
0.47 0.954841
0.48 0.953254
0.49 0.951643
0.5 0.950008
0.51 0.948349
0.52 0.946666
0.53 0.944959
0.54 0.943228
0.55 0.941474
0.56 0.939696
0.57 0.937895
0.58 0.93607
0.59 0.934222
0.6 0.932351
0.61 0.930457
0.62 0.92854
0.63 0.926601
0.64 0.924639
0.65 0.922654
0.66 0.920646
0.67 0.918617
0.68 0.916565
0.69 0.914491
0.7 0.912395
0.71 0.910277
0.72 0.908137
0.73 0.905976
0.74 0.903793
0.75 0.901588
0.76 0.899362
0.77 0.897115
0.78 0.894847
0.79 0.892557
0.8 0.890247
0.81 0.887916
0.82 0.885564
0.83 0.883192
0.84 0.880799
0.85 0.878386
0.86 0.875952
0.87 0.873498
0.88 0.871025
0.89 0.868531
0.9 0.866017
0.91 0.863484
0.92 0.860931
0.93 0.858358
0.94 0.855766
0.95 0.853155
0.96 0.850525
0.97 0.847875
0.98 0.845206
0.99 0.842519
1 0.839813
1.01 0.837088
1.02 0.834345
1.03 0.831583
1.04 0.828803
1.05 0.826005
1.06 0.823188
1.07 0.820354
1.08 0.817501
1.09 0.814631
1.1 0.811743
1.11 0.808838
1.12 0.805915
1.13 0.802975
1.14 0.800017
1.15 0.797043
1.16 0.794051
1.17 0.791043
1.18 0.788017
1.19 0.784975
1.2 0.781917
1.21 0.778842
1.22 0.77575
1.23 0.772642
1.24 0.769518
1.25 0.766378
1.26 0.763222
1.27 0.760051
1.28 0.756863
1.29 0.75366
1.3 0.750442
1.31 0.747208
1.32 0.743958
1.33 0.740694
1.34 0.737414
1.35 0.73412
1.36 0.73081
1.37 0.727486
1.38 0.724147
1.39 0.720794
1.4 0.717426
1.41 0.714044
1.42 0.710648
1.43 0.707238
1.44 0.703814
1.45 0.700375
1.46 0.696923
1.47 0.693458
1.48 0.689979
1.49 0.686486
1.5 0.68298
1.51 0.679461
1.52 0.675928
1.53 0.672383
1.54 0.668825
1.55 0.665254
1.56 0.66167
1.57 0.658074
1.58 0.654465
1.59 0.650844
1.6 0.647211
1.61 0.643565
1.62 0.639908
1.63 0.636238
1.64 0.632557
1.65 0.628864
1.66 0.625159
1.67 0.621443
1.68 0.617716
1.69 0.613977
1.7 0.610227
1.71 0.606466
1.72 0.602694
1.73 0.598911
1.74 0.595118
1.75 0.591313
1.76 0.587499
1.77 0.583674
1.78 0.579838
1.79 0.575993
1.8 0.572137
1.81 0.568272
1.82 0.564396
1.83 0.560511
1.84 0.556616
1.85 0.552712
1.86 0.548798
1.87 0.544875
1.88 0.540942
1.89 0.537001
1.9 0.53305
1.91 0.529091
1.92 0.525123
1.93 0.521146
1.94 0.517161
1.95 0.513167
1.96 0.509165
1.97 0.505154
1.98 0.501136
1.99 0.497109
2 0.493075
2.01 0.489032
2.02 0.484982
2.03 0.480925
2.04 0.47686
2.05 0.472787
2.06 0.468708
2.07 0.464621
2.08 0.460527
2.09 0.456426
2.1 0.452319
2.11 0.448204
2.12 0.444083
2.13 0.439956
2.14 0.435822
2.15 0.431682
2.16 0.427536
2.17 0.423383
2.18 0.419225
2.19 0.415061
2.2 0.410891
2.21 0.406715
2.22 0.402534
2.23 0.398348
2.24 0.394156
2.25 0.389959
2.26 0.385757
2.27 0.38155
2.28 0.377338
2.29 0.373121
2.3 0.3689
2.31 0.364674
2.32 0.360444
2.33 0.356209
2.34 0.35197
2.35 0.347727
2.36 0.34348
2.37 0.339229
2.38 0.334974
2.39 0.330716
2.4 0.326454
2.41 0.322189
2.42 0.31792
2.43 0.313648
2.44 0.309373
2.45 0.305095
2.46 0.300814
2.47 0.29653
2.48 0.292243
2.49 0.287954
2.5 0.283662
2.51 0.279368
2.52 0.275072
2.53 0.270773
2.54 0.266472
2.55 0.262168
2.56 0.257862
2.57 0.253554
2.58 0.249244
2.59 0.244931
2.6 0.240616
2.61 0.236299
2.62 0.231979
2.63 0.227657
2.64 0.223333
2.65 0.219007
2.66 0.214678
2.67 0.210348
2.68 0.206015
2.69 0.201679
2.7 0.197342
2.71 0.193002
2.72 0.188661
2.73 0.184317
2.74 0.17997
2.75 0.175622
2.76 0.171272
2.77 0.166919
2.78 0.162565
2.79 0.158208
2.8 0.153849
2.81 0.149488
2.82 0.145125
2.83 0.14076
2.84 0.136393
2.85 0.132024
2.86 0.127652
2.87 0.123279
2.88 0.118904
2.89 0.114526
2.9 0.110147
2.91 0.105766
2.92 0.101382
2.93 0.096997
2.94 0.0926098
2.95 0.0882205
2.96 0.0838294
2.97 0.0794362
2.98 0.0750412
2.99 0.0706442
3 0.0662453
3.01 0.0618446
3.02 0.0574419
3.03 0.0530373
3.04 0.0486309
3.05 0.0442226
3.06 0.0398125
3.07 0.0354005
3.08 0.0309867
3.09 0.026571
3.1 0.0221536
3.11 0.0177343
3.12 0.0133132
3.13 0.00889037
3.14 0.00446574
3.15 3.93419e-05
3.16 -0.00438882
3.17 -0.00881872
3.18 -0.0132504
3.19 -0.0176837
3.2 -0.0221188
3.21 -0.0265557
3.22 -0.0309942
3.23 -0.0354344
3.24 -0.0398763
3.25 -0.0443198
3.26 -0.048765
3.27 -0.0532119
3.28 -0.0576604
3.29 -0.0621106
3.3 -0.0665624
3.31 -0.0710158
3.32 -0.0754708
3.33 -0.0799274
3.34 -0.0843856
3.35 -0.0888453
3.36 -0.0933067
3.37 -0.0977696
3.38 -0.102234
3.39 -0.1067
3.4 -0.111168
3.41 -0.115637
3.42 -0.120107
3.43 -0.124579
3.44 -0.129053
3.45 -0.133528
3.46 -0.138004
3.47 -0.142482
3.48 -0.146962
3.49 -0.151442
3.5 -0.155925
3.51 -0.160408
3.52 -0.164894
3.53 -0.16938
3.54 -0.173868
3.55 -0.178357
3.56 -0.182848
3.57 -0.18734
3.58 -0.191834
3.59 -0.196328
3.6 -0.200825
3.61 -0.205322
3.62 -0.209821
3.63 -0.214321
3.64 -0.218822
3.65 -0.223325
3.66 -0.227829
3.67 -0.232334
3.68 -0.236841
3.69 -0.241349
3.7 -0.245858
3.71 -0.250368
3.72 -0.254879
3.73 -0.259392
3.74 -0.263906
3.75 -0.268421
3.76 -0.272937
3.77 -0.277455
3.78 -0.281973
3.79 -0.286493
3.8 -0.291014
3.81 -0.295536
3.82 -0.300059
3.83 -0.304584
3.84 -0.309109
3.85 -0.313636
3.86 -0.318163
3.87 -0.322692
3.88 -0.327222
3.89 -0.331753
3.9 -0.336285
3.91 -0.340818
3.92 -0.345352
3.93 -0.349887
3.94 -0.354423
3.95 -0.35896
3.96 -0.363498
3.97 -0.368037
3.98 -0.372577
3.99 -0.377118
4 -0.38166
4.01 -0.386203
4.02 -0.390747
4.03 -0.395291
4.04 -0.399837
4.05 -0.404384
4.06 -0.408931
4.07 -0.41348
4.08 -0.418029
4.09 -0.422579
4.1 -0.42713
4.11 -0.431682
4.12 -0.436235
4.13 -0.440788
4.14 -0.445343
4.15 -0.449898
4.16 -0.454454
4.17 -0.459011
4.18 -0.463568
4.19 -0.468127
4.2 -0.472686
4.21 -0.477246
4.22 -0.481806
4.23 -0.486368
4.24 -0.49093
4.25 -0.495493
4.26 -0.500056
4.27 -0.504621
4.28 -0.509186
4.29 -0.513751
4.3 -0.518318
4.31 -0.522885
4.32 -0.527452
4.33 -0.532021
4.34 -0.53659
4.35 -0.541159
4.36 -0.545729
4.37 -0.5503
4.38 -0.554872
4.39 -0.559444
4.4 -0.564016
4.41 -0.568589
4.42 -0.573163
4.43 -0.577737
4.44 -0.582312
4.45 -0.586887
4.46 -0.591463
4.47 -0.596039
4.48 -0.600616
4.49 -0.605194
4.5 -0.609772
4.51 -0.61435
4.52 -0.618929
4.53 -0.623508
4.54 -0.628088
4.55 -0.632668
4.56 -0.637248
4.57 -0.641829
4.58 -0.646411
4.59 -0.650992
4.6 -0.655574
4.61 -0.660157
4.62 -0.66474
4.63 -0.669323
4.64 -0.673907
4.65 -0.678491
4.66 -0.683075
4.67 -0.68766
4.68 -0.692245
4.69 -0.69683
4.7 -0.701415
4.71 -0.706001
4.72 -0.710587
4.73 -0.715174
4.74 -0.71976
4.75 -0.724347
4.76 -0.728934
4.77 -0.733522
4.78 -0.738109
4.79 -0.742697
4.8 -0.747285
4.81 -0.751873
4.82 -0.756461
4.83 -0.76105
4.84 -0.765639
4.85 -0.770227
4.86 -0.774816
4.87 -0.779406
4.88 -0.783995
4.89 -0.788584
4.9 -0.793174
4.91 -0.797763
4.92 -0.802353
4.93 -0.806942
4.94 -0.811532
4.95 -0.816122
4.96 -0.820712
4.97 -0.825302
4.98 -0.829892
4.99 -0.834482
5 -0.839072


-5 -0.839072
-4.99 -0.824152
-4.98 -0.809235
-4.97 -0.79432
-4.96 -0.779408
-4.95 -0.764502
-4.94 -0.749603
-4.93 -0.734712
-4.92 -0.719829
-4.91 -0.704958
-4.9 -0.690098
-4.89 -0.675251
-4.88 -0.660419
-4.87 -0.645602
-4.86 -0.630803
-4.85 -0.616022
-4.84 -0.601261
-4.83 -0.586521
-4.82 -0.571803
-4.81 -0.557109
-4.8 -0.54244
-4.79 -0.527798
-4.78 -0.513183
-4.77 -0.498597
-4.76 -0.484041
-4.75 -0.469516
-4.74 -0.455025
-4.73 -0.440568
-4.72 -0.426147
-4.71 -0.411762
-4.7 -0.397415
-4.69 -0.383108
-4.68 -0.368842
-4.67 -0.354618
-4.66 -0.340437
-4.65 -0.326301
-4.64 -0.312211
-4.63 -0.298169
-4.62 -0.284175
-4.61 -0.270231
-4.6 -0.256339
-4.59 -0.242499
-4.58 -0.228713
-4.57 -0.214983
-4.56 -0.201309
-4.55 -0.187693
-4.54 -0.174136
-4.53 -0.16064
-4.52 -0.147206
-4.51 -0.133834
-4.5 -0.120528
-4.49 -0.107287
-4.48 -0.094113
-4.47 -0.0810077
-4.46 -0.0679722
-4.45 -0.0550077
-4.44 -0.0421156
-4.43 -0.0292972
-4.42 -0.0165539
-4.41 -0.00388688
-4.4 0.00870246
-4.39 0.0212128
-4.38 0.0336429
-4.37 0.0459914
-4.36 0.0582569
-4.35 0.0704383
-4.34 0.082534
-4.33 0.0945429
-4.32 0.106464
-4.31 0.118295
-4.3 0.130035
-4.29 0.141683
-4.28 0.153238
-4.27 0.164698
-4.26 0.176062
-4.25 0.187329
-4.24 0.198496
-4.23 0.209564
-4.22 0.220531
-4.21 0.231394
-4.2 0.242154
-4.19 0.252809
-4.18 0.263356
-4.17 0.273796
-4.16 0.284127
-4.15 0.294347
-4.14 0.304455
-4.13 0.31445
-4.12 0.324331
-4.11 0.334096
-4.1 0.343743
-4.09 0.353272
-4.08 0.362682
-4.07 0.37197
-4.06 0.381136
-4.05 0.390178
-4.04 0.399095
-4.03 0.407885
-4.02 0.416548
-4.01 0.425082
-4 0.433486
-3.99 0.441758
-3.98 0.449897
-3.97 0.457902
-3.96 0.465772
-3.95 0.473504
-3.94 0.481098
-3.93 0.488553
-3.92 0.495867
-3.91 0.503038
-3.9 0.510067
-3.89 0.51695
-3.88 0.523688
-3.87 0.530277
-3.86 0.536719
-3.85 0.54301
-3.84 0.54915
-3.83 0.555137
-3.82 0.56097
-3.81 0.566647
-3.8 0.572169
-3.79 0.577532
-3.78 0.582736
-3.77 0.587779
-3.76 0.592661
-3.75 0.597379
-3.74 0.601932
-3.73 0.60632
-3.72 0.610541
-3.71 0.614593
-3.7 0.618476
-3.69 0.622187
-3.68 0.625726
-3.67 0.629091
-3.66 0.632281
-3.65 0.635295
-3.64 0.638131
-3.63 0.640788
-3.62 0.643264
-3.61 0.645559
-3.6 0.647672
-3.59 0.649599
-3.58 0.651342
-3.57 0.652172
-3.56 0.648462
-3.55 0.644568
-3.54 0.640493
-3.53 0.636237
-3.52 0.631806
-3.51 0.627201
-3.5 0.622425
-3.49 0.617481
-3.48 0.612372
-3.47 0.6071
-3.46 0.601669
-3.45 0.596082
-3.44 0.59034
-3.43 0.584447
-3.42 0.578406
-3.41 0.57222
-3.4 0.565891
-3.39 0.559422
-3.38 0.552815
-3.37 0.546075
-3.36 0.539203
-3.35 0.532202
-3.34 0.525076
-3.33 0.517827
-3.32 0.510457
-3.31 0.50297
-3.3 0.495368
-3.29 0.487655
-3.28 0.479833
-3.27 0.471904
-3.26 0.463872
-3.25 0.45574
-3.24 0.447509
-3.23 0.439184
-3.22 0.430767
-3.21 0.42226
-3.2 0.413667
-3.19 0.40499
-3.18 0.396232
-3.17 0.387397
-3.16 0.378485
-3.15 0.369502
-3.14 0.360449
-3.13 0.351329
-3.12 0.342145
-3.11 0.332899
-3.1 0.323595
-3.09 0.314236
-3.08 0.304824
-3.07 0.295362
-3.06 0.285852
-3.05 0.276299
-3.04 0.266703
-3.03 0.257069
-3.02 0.247399
-3.01 0.237696
-3 0.227963
-2.99 0.218202
-2.98 0.208416
-2.97 0.198608
-2.96 0.188781
-2.95 0.178938
-2.94 0.169082
-2.93 0.159215
-2.92 0.14934
-2.91 0.13946
-2.9 0.129577
-2.89 0.119696
-2.88 0.109817
-2.87 0.099945
-2.86 0.0900818
-2.85 0.0802304
-2.84 0.0703937
-2.83 0.0605743
-2.82 0.0507751
-2.81 0.040999
-2.8 0.0312488
-2.79 0.0215272
-2.78 0.0118371
-2.77 0.00218119
-2.76 -0.00743759
-2.75 -0.0170165
-2.74 -0.0265527
-2.73 -0.0360433
-2.72 -0.0454857
-2.71 -0.0548769
-2.7 -0.0642142
-2.69 -0.0734948
-2.68 -0.0827158
-2.67 -0.0918744
-2.66 -0.100968
-2.65 -0.109993
-2.64 -0.118948
-2.63 -0.127829
-2.62 -0.136634
-2.61 -0.145359
-2.6 -0.154003
-2.59 -0.162561
-2.58 -0.171032
-2.57 -0.179413
-2.56 -0.1877
-2.55 -0.195891
-2.54 -0.203984
-2.53 -0.211974
-2.52 -0.21986
-2.51 -0.227639
-2.5 -0.235308
-2.49 -0.242864
-2.48 -0.250304
-2.47 -0.257625
-2.46 -0.264825
-2.45 -0.271901
-2.44 -0.27885
-2.43 -0.28567
-2.42 -0.292356
-2.41 -0.298907
-2.4 -0.305321
-2.39 -0.311593
-2.38 -0.317721
-2.37 -0.323702
-2.36 -0.329535
-2.35 -0.335214
-2.34 -0.340739
-2.33 -0.346106
-2.32 -0.351313
-2.31 -0.356355
-2.3 -0.361232
-2.29 -0.365939
-2.28 -0.370475
-2.27 -0.374836
-2.26 -0.379019
-2.25 -0.383022
-2.24 -0.386842
-2.23 -0.390475
-2.22 -0.39392
-2.21 -0.397174
-2.2 -0.400233
-2.19 -0.403095
-2.18 -0.405757
-2.17 -0.408216
-2.16 -0.410469
-2.15 -0.412514
-2.14 -0.415107
-2.13 -0.419385
-2.12 -0.423453
-2.11 -0.427312
-2.1 -0.430964
-2.09 -0.434412
-2.08 -0.437657
-2.07 -0.440702
-2.06 -0.443548
-2.05 -0.446198
-2.04 -0.448653
-2.03 -0.450916
-2.02 -0.452989
-2.01 -0.454873
-2 -0.456571
-1.99 -0.458085
-1.98 -0.459416
-1.97 -0.460568
-1.96 -0.461541
-1.95 -0.462338
-1.94 -0.46296
-1.93 -0.463411
-1.92 -0.463692
-1.91 -0.463804
-1.9 -0.463751
-1.89 -0.463533
-1.88 -0.463154
-1.87 -0.462615
-1.86 -0.461917
-1.85 -0.461064
-1.84 -0.460057
-1.83 -0.458898
-1.82 -0.45759
-1.81 -0.456133
-1.8 -0.454531
-1.79 -0.452785
-1.78 -0.450898
-1.77 -0.448871
-1.76 -0.446706
-1.75 -0.444405
-1.74 -0.441971
-1.73 -0.439406
-1.72 -0.436711
-1.71 -0.433888
-1.7 -0.43094
-1.69 -0.427869
-1.68 -0.424676
-1.67 -0.421363
-1.66 -0.417934
-1.65 -0.414389
-1.64 -0.410731
-1.63 -0.406961
-1.62 -0.403082
-1.61 -0.399096
-1.6 -0.395005
-1.59 -0.390811
-1.58 -0.386515
-1.57 -0.382121
-1.56 -0.377629
-1.55 -0.373042
-1.54 -0.368363
-1.53 -0.363592
-1.52 -0.358732
-1.51 -0.353786
-1.5 -0.348754
-1.49 -0.34364
-1.48 -0.338445
-1.47 -0.333171
-1.46 -0.32782
-1.45 -0.322394
-1.44 -0.316896
-1.43 -0.311327
-1.42 -0.305689
-1.41 -0.299985
-1.4 -0.294216
-1.39 -0.288384
-1.38 -0.282492
-1.37 -0.276541
-1.36 -0.270534
-1.35 -0.264472
-1.34 -0.258358
-1.33 -0.252193
-1.32 -0.24598
-1.31 -0.239721
-1.3 -0.233417
-1.29 -0.227071
-1.28 -0.220684
-1.27 -0.21426
-1.26 -0.207799
-1.25 -0.201304
-1.24 -0.194776
-1.23 -0.188219
-1.22 -0.181633
-1.21 -0.175022
-1.2 -0.168386
-1.19 -0.161728
-1.18 -0.15505
-1.17 -0.148355
-1.16 -0.141643
-1.15 -0.134917
-1.14 -0.12818
-1.13 -0.121432
-1.12 -0.114677
-1.11 -0.107916
-1.1 -0.101151
-1.09 -0.0943841
-1.08 -0.0876177
-1.07 -0.0808536
-1.06 -0.0740938
-1.05 -0.0673403
-1.04 -0.0605953
-1.03 -0.0538606
-1.02 -0.0471383
-1.01 -0.0404306
-1 -0.0337393
-0.99 -0.0270665
-0.98 -0.0204142
-0.97 -0.0137846
-0.96 -0.00717948
-0.95 -0.00060103
-0.94 0.00594876
-0.93 0.0124679
-0.92 0.0189543
-0.91 0.0254059
-0.9 0.0318208
-0.89 0.0381969
-0.88 0.0445322
-0.87 0.0508247
-0.86 0.0570722
-0.85 0.0632729
-0.84 0.0694246
-0.83 0.0755253
-0.82 0.0815731
-0.81 0.0875658
-0.8 0.0935015
-0.79 0.0993782
-0.78 0.105194
-0.77 0.110946
-0.76 0.116633
-0.75 0.122253
-0.74 0.127804
-0.73 0.133284
-0.72 0.13869
-0.71 0.144021
-0.7 0.149276
-0.69 0.154454
-0.68 0.159556
-0.67 0.164582
-0.66 0.169531
-0.65 0.174404
-0.64 0.179201
-0.63 0.183922
-0.62 0.188567
-0.61 0.193135
-0.6 0.197628
-0.59 0.202044
-0.58 0.206385
-0.57 0.210649
-0.56 0.214838
-0.55 0.218951
-0.54 0.222988
-0.53 0.22695
-0.52 0.230835
-0.51 0.234645
-0.5 0.238379
-0.49 0.242038
-0.48 0.245621
-0.47 0.249129
-0.46 0.252561
-0.45 0.255918
-0.44 0.259199
-0.43 0.262405
-0.42 0.265536
-0.41 0.268591
-0.4 0.271571
-0.39 0.274476
-0.38 0.277306
-0.37 0.28006
-0.36 0.28274
-0.35 0.285344
-0.34 0.287874
-0.33 0.290328
-0.32 0.292708
-0.31 0.295012
-0.3 0.297242
-0.29 0.299397
-0.28 0.301478
-0.27 0.303483
-0.26 0.305414
-0.25 0.30727
-0.24 0.309052
-0.23 0.310759
-0.22 0.312391
-0.21 0.313949
-0.2 0.315433
-0.19 0.316842
-0.18 0.318177
-0.17 0.319437
-0.16 0.320624
-0.15 0.321735
-0.14 0.322773
-0.13 0.323737
-0.12 0.324626
-0.11 0.325442
-0.1 0.326183
-0.09 0.32685
-0.08 0.327443
-0.07 0.327963
-0.06 0.328408
-0.05 0.32878
-0.04 0.329078
-0.03 0.329302
-0.02 0.329452
-0.01 0.329529
0 0.329532
0.01 0.329461
0.02 0.329317
0.03 0.329099
0.04 0.328808
0.05 0.328443
0.06 0.328005
0.07 0.327494
0.08 0.326909
0.09 0.326251
0.1 0.325519
0.11 0.324715
0.12 0.323837
0.13 0.322886
0.14 0.321862
0.15 0.320765
0.16 0.319595
0.17 0.318352
0.18 0.317036
0.19 0.315647
0.2 0.314186
0.21 0.312651
0.22 0.311044
0.23 0.309364
0.24 0.307611
0.25 0.305786
0.26 0.303888
0.27 0.301917
0.28 0.299874
0.29 0.297758
0.3 0.29557
0.31 0.29331
0.32 0.290977
0.33 0.288572
0.34 0.286094
0.35 0.283544
0.36 0.280922
0.37 0.278228
0.38 0.275462
0.39 0.272623
0.4 0.269713
0.41 0.26673
0.42 0.263676
0.43 0.26055
0.44 0.257351
0.45 0.254081
0.46 0.250739
0.47 0.247325
0.48 0.24384
0.49 0.240283
0.5 0.236654
0.51 0.232953
0.52 0.229181
0.53 0.225338
0.54 0.221422
0.55 0.217436
0.56 0.213378
0.57 0.209248
0.58 0.205048
0.59 0.200776
0.6 0.196432
0.61 0.192018
0.62 0.187532
0.63 0.182975
0.64 0.178347
0.65 0.173648
0.66 0.168878
0.67 0.164037
0.68 0.159125
0.69 0.154142
0.7 0.149088
0.71 0.143964
0.72 0.138769
0.73 0.133504
0.74 0.128171
0.75 0.122772
0.76 0.117309
0.77 0.111784
0.78 0.106198
0.79 0.100554
0.8 0.0948538
0.81 0.0890985
0.82 0.0832903
0.83 0.077431
0.84 0.0715226
0.85 0.065567
0.86 0.0595659
0.87 0.0535213
0.88 0.047435
0.89 0.0413089
0.9 0.0351449
0.91 0.0289448
0.92 0.0227106
0.93 0.016444
0.94 0.0101469
0.95 0.00382124
0.96 -0.00253113
0.97 -0.00890836
0.98 -0.0153086
0.99 -0.0217299
1 -0.0281705
1.01 -0.0346284
1.02 -0.0411019
1.03 -0.047589
1.04 -0.0540879
1.05 -0.0605966
1.06 -0.0671135
1.07 -0.0736364
1.08 -0.0801637
1.09 -0.0866934
1.1 -0.0932237
1.11 -0.0997526
1.12 -0.106278
1.13 -0.112799
1.14 -0.119313
1.15 -0.125818
1.16 -0.132312
1.17 -0.138794
1.18 -0.145262
1.19 -0.151713
1.2 -0.158146
1.21 -0.164559
1.22 -0.17095
1.23 -0.177318
1.24 -0.18366
1.25 -0.189974
1.26 -0.196259
1.27 -0.202513
1.28 -0.208734
1.29 -0.21492
1.3 -0.221069
1.31 -0.227179
1.32 -0.233249
1.33 -0.239276
1.34 -0.245259
1.35 -0.251196
1.36 -0.257085
1.37 -0.262924
1.38 -0.268711
1.39 -0.274445
1.4 -0.280123
1.41 -0.285744
1.42 -0.291305
1.43 -0.296806
1.44 -0.302243
1.45 -0.307615
1.46 -0.312921
1.47 -0.318159
1.48 -0.323325
1.49 -0.32842
1.5 -0.33344
1.51 -0.338384
1.52 -0.343251
1.53 -0.348037
1.54 -0.352742
1.55 -0.357363
1.56 -0.361899
1.57 -0.366348
1.58 -0.370708
1.59 -0.374976
1.6 -0.379152
1.61 -0.383233
1.62 -0.387217
1.63 -0.391103
1.64 -0.394888
1.65 -0.398571
1.66 -0.40215
1.67 -0.405624
1.68 -0.408989
1.69 -0.412245
1.7 -0.415389
1.71 -0.418419
1.72 -0.421335
1.73 -0.424133
1.74 -0.426812
1.75 -0.42937
1.76 -0.431806
1.77 -0.434117
1.78 -0.436301
1.79 -0.438357
1.8 -0.440283
1.81 -0.442076
1.82 -0.443736
1.83 -0.445259
1.84 -0.446645
1.85 -0.447892
1.86 -0.448997
1.87 -0.449958
1.88 -0.450775
1.89 -0.451444
1.9 -0.451965
1.91 -0.452334
1.92 -0.452551
1.93 -0.452614
1.94 -0.452519
1.95 -0.452267
1.96 -0.451855
1.97 -0.45128
1.98 -0.450542
1.99 -0.449638
2 -0.448566
2.01 -0.447325
2.02 -0.445912
2.03 -0.444326
2.04 -0.442565
2.05 -0.440628
2.06 -0.438511
2.07 -0.436213
2.08 -0.433733
2.09 -0.431069
2.1 -0.428218
2.11 -0.425179
2.12 -0.42195
2.13 -0.418529
2.14 -0.414915
2.15 -0.411104
2.16 -0.4071
2.17 -0.402905
2.18 -0.398522
2.19 -0.393954
2.2 -0.389205
2.21 -0.384276
2.22 -0.379171
2.23 -0.373894
2.24 -0.368447
2.25 -0.362833
2.26 -0.357056
2.27 -0.351118
2.28 -0.345022
2.29 -0.338772
2.3 -0.33237
2.31 -0.325819
2.32 -0.319123
2.33 -0.312285
2.34 -0.305307
2.35 -0.298193
2.36 -0.290945
2.37 -0.283567
2.38 -0.276062
2.39 -0.268432
2.4 -0.260682
2.41 -0.252813
2.42 -0.244829
2.43 -0.236732
2.44 -0.228527
2.45 -0.220216
2.46 -0.211801
2.47 -0.203287
2.48 -0.194675
2.49 -0.18597
2.5 -0.177174
2.51 -0.16829
2.52 -0.159321
2.53 -0.15027
2.54 -0.14114
2.55 -0.131935
2.56 -0.122657
2.57 -0.113309
2.58 -0.103895
2.59 -0.0944172
2.6 -0.0848787
2.61 -0.0752827
2.62 -0.0656322
2.63 -0.0559301
2.64 -0.0461797
2.65 -0.0363838
2.66 -0.0265456
2.67 -0.016668
2.68 -0.00675405
2.69 0.00319313
2.7 0.0131706
2.71 0.0231752
2.72 0.033204
2.73 0.043254
2.74 0.0533221
2.75 0.0634053
2.76 0.0735005
2.77 0.0836047
2.78 0.0937149
2.79 0.103828
2.8 0.113941
2.81 0.124051
2.82 0.134155
2.83 0.14425
2.84 0.154332
2.85 0.164399
2.86 0.174448
2.87 0.184476
2.88 0.194479
2.89 0.204455
2.9 0.2144
2.91 0.224312
2.92 0.234188
2.93 0.244024
2.94 0.253817
2.95 0.263565
2.96 0.273265
2.97 0.282912
2.98 0.292505
2.99 0.30204
3 0.311515
3.01 0.320926
3.02 0.33027
3.03 0.339544
3.04 0.348745
3.05 0.35787
3.06 0.366917
3.07 0.375881
3.08 0.384761
3.09 0.393552
3.1 0.402252
3.11 0.410858
3.12 0.419368
3.13 0.427776
3.14 0.436082
3.15 0.444282
3.16 0.452372
3.17 0.46035
3.18 0.468212
3.19 0.475957
3.2 0.483579
3.21 0.491078
3.22 0.498449
3.23 0.505689
3.24 0.512796
3.25 0.519766
3.26 0.526597
3.27 0.533285
3.28 0.539828
3.29 0.546221
3.3 0.552463
3.31 0.558551
3.32 0.56448
3.33 0.570249
3.34 0.575853
3.35 0.581291
3.36 0.586559
3.37 0.591654
3.38 0.596573
3.39 0.601313
3.4 0.605871
3.41 0.610244
3.42 0.614429
3.43 0.618422
3.44 0.622222
3.45 0.625824
3.46 0.629226
3.47 0.632424
3.48 0.635417
3.49 0.6382
3.5 0.64077
3.51 0.643125
3.52 0.645262
3.53 0.647177
3.54 0.648868
3.55 0.650331
3.56 0.651564
3.57 0.652563
3.58 0.653325
3.59 0.653853
3.6 0.654146
3.61 0.654207
3.62 0.654037
3.63 0.653638
3.64 0.653011
3.65 0.65216
3.66 0.651084
3.67 0.649785
3.68 0.648266
3.69 0.646528
3.7 0.644572
3.71 0.642401
3.72 0.640016
3.73 0.637418
3.74 0.634609
3.75 0.631591
3.76 0.628366
3.77 0.624935
3.78 0.6213
3.79 0.617463
3.8 0.613424
3.81 0.609187
3.82 0.604752
3.83 0.600121
3.84 0.595296
3.85 0.590279
3.86 0.58507
3.87 0.579673
3.88 0.574088
3.89 0.568317
3.9 0.562362
3.91 0.556224
3.92 0.549905
3.93 0.543407
3.94 0.536732
3.95 0.529881
3.96 0.522855
3.97 0.515657
3.98 0.508288
3.99 0.50075
4 0.493044
4.01 0.485172
4.02 0.477135
4.03 0.468936
4.04 0.460577
4.05 0.452057
4.06 0.443381
4.07 0.434548
4.08 0.425561
4.09 0.416421
4.1 0.40713
4.11 0.39769
4.12 0.388102
4.13 0.378368
4.14 0.368489
4.15 0.358468
4.16 0.348306
4.17 0.338004
4.18 0.327565
4.19 0.31699
4.2 0.30628
4.21 0.295437
4.22 0.284464
4.23 0.273361
4.24 0.26213
4.25 0.250773
4.26 0.239291
4.27 0.227687
4.28 0.215961
4.29 0.204116
4.3 0.192153
4.31 0.180075
4.32 0.167881
4.33 0.155575
4.34 0.143157
4.35 0.13063
4.36 0.117995
4.37 0.105254
4.38 0.0924084
4.39 0.0794598
4.4 0.06641
4.41 0.0532606
4.42 0.0400133
4.43 0.0266698
4.44 0.0132316
4.45 -0.000299452
4.46 -0.0139218
4.47 -0.0276338
4.48 -0.0414337
4.49 -0.05532
4.5 -0.0692908
4.51 -0.0833447
4.52 -0.0974799
4.53 -0.111695
4.54 -0.125988
4.55 -0.140357
4.56 -0.154801
4.57 -0.169317
4.58 -0.183906
4.59 -0.198564
4.6 -0.21329
4.61 -0.228082
4.62 -0.242939
4.63 -0.257859
4.64 -0.272841
4.65 -0.287882
4.66 -0.302981
4.67 -0.318137
4.68 -0.333348
4.69 -0.348611
4.7 -0.363927
4.71 -0.379291
4.72 -0.394705
4.73 -0.410164
4.74 -0.425668
4.75 -0.441216
4.76 -0.456805
4.77 -0.472434
4.78 -0.4881
4.79 -0.503804
4.8 -0.519542
4.81 -0.535314
4.82 -0.551117
4.83 -0.56695
4.84 -0.582811
4.85 -0.598699
4.86 -0.614611
4.87 -0.630547
4.88 -0.646504
4.89 -0.662482
4.9 -0.678477
4.91 -0.694489
4.92 -0.710516
4.93 -0.726557
4.94 -0.742609
4.95 -0.758671
4.96 -0.774741
4.97 -0.790818
4.98 -0.8069
4.99 -0.822985
5 -0.839072


-5 -0.839072
-4.99 -0.844699
-4.98 -0.850317
-4.97 -0.855915
-4.96 -0.861483
-4.95 -0.86701
-4.94 -0.872487
-4.93 -0.877904
-4.92 -0.883251
-4.91 -0.888517
-4.9 -0.893692
-4.89 -0.898767
-4.88 -0.903732
-4.87 -0.908576
-4.86 -0.913289
-4.85 -0.917861
-4.84 -0.922283
-4.83 -0.926544
-4.82 -0.930634
-4.81 -0.934543
-4.8 -0.938261
-4.79 -0.941778
-4.78 -0.945084
-4.77 -0.948168
-4.76 -0.951022
-4.75 -0.953634
-4.74 -0.955995
-4.73 -0.958095
-4.72 -0.959923
-4.71 -0.96147
-4.7 -0.962725
-4.69 -0.963679
-4.68 -0.964321
-4.67 -0.964641
-4.66 -0.96463
-4.65 -0.964276
-4.64 -0.963571
-4.63 -0.962505
-4.62 -0.961066
-4.61 -0.959245
-4.6 -0.957032
-4.59 -0.954417
-4.58 -0.95139
-4.57 -0.947941
-4.56 -0.944059
-4.55 -0.939736
-4.54 -0.934959
-4.53 -0.929721
-4.52 -0.92401
-4.51 -0.917816
-4.5 -0.91113
-4.49 -0.90252
-4.48 -0.893421
-4.47 -0.883846
-4.46 -0.873809
-4.45 -0.863323
-4.44 -0.852402
-4.43 -0.841059
-4.42 -0.829308
-4.41 -0.817162
-4.4 -0.804634
-4.39 -0.791739
-4.38 -0.778489
-4.37 -0.764899
-4.36 -0.750981
-4.35 -0.736749
-4.34 -0.722216
-4.33 -0.707397
-4.32 -0.692303
-4.31 -0.67695
-4.3 -0.66135
-4.29 -0.645517
-4.28 -0.629464
-4.27 -0.613206
-4.26 -0.596754
-4.25 -0.580123
-4.24 -0.563326
-4.23 -0.546377
-4.22 -0.529289
-4.21 -0.512076
-4.2 -0.494751
-4.19 -0.477328
-4.18 -0.459819
-4.17 -0.442239
-4.16 -0.424601
-4.15 -0.406919
-4.14 -0.389205
-4.13 -0.371474
-4.12 -0.353739
-4.11 -0.336013
-4.1 -0.31831
-4.09 -0.300643
-4.08 -0.283026
-4.07 -0.265473
-4.06 -0.247996
-4.05 -0.230609
-4.04 -0.213326
-4.03 -0.19616
-4.02 -0.179125
-4.01 -0.162234
-4 -0.1455
-3.99 -0.122542
-3.98 -0.099756
-3.97 -0.0771453
-3.96 -0.0547112
-3.95 -0.0324556
-3.94 -0.0103805
-3.93 0.0115124
-3.92 0.0332211
-3.91 0.0547439
-3.9 0.0760787
-3.89 0.0972237
-3.88 0.118177
-3.87 0.138937
-3.86 0.159502
-3.85 0.179869
-3.84 0.200037
-3.83 0.220004
-3.82 0.239768
-3.81 0.259328
-3.8 0.278681
-3.79 0.297825
-3.78 0.316759
-3.77 0.335481
-3.76 0.353989
-3.75 0.37228
-3.74 0.390354
-3.73 0.408208
-3.72 0.425841
-3.71 0.44325
-3.7 0.460433
-3.69 0.47739
-3.68 0.494117
-3.67 0.510614
-3.66 0.526877
-3.65 0.542906
-3.64 0.558699
-3.63 0.574253
-3.62 0.589566
-3.61 0.604638
-3.6 0.619465
-3.59 0.634046
-3.58 0.64838
-3.57 0.662464
-3.56 0.676296
-3.55 0.689875
-3.54 0.703198
-3.53 0.716265
-3.52 0.729072
-3.51 0.741619
-3.5 0.753902
-3.49 0.765921
-3.48 0.777672
-3.47 0.789151
-3.46 0.800355
-3.45 0.811282
-3.44 0.821926
-3.43 0.832286
-3.42 0.842357
-3.41 0.852137
-3.4 0.861622
-3.39 0.870808
-3.38 0.879692
-3.37 0.888271
-3.36 0.896541
-3.35 0.904499
-3.34 0.912142
-3.33 0.919466
-3.32 0.926468
-3.31 0.933144
-3.3 0.939491
-3.29 0.945506
-3.28 0.951186
-3.27 0.956526
-3.26 0.961524
-3.25 0.966175
-3.24 0.970478
-3.23 0.974428
-3.22 0.978022
-3.21 0.981256
-3.2 0.984128
-3.19 0.986634
-3.18 0.98877
-3.17 0.990533
-3.16 0.99192
-3.15 0.992927
-3.14 0.993551
-3.13 0.993789
-3.12 0.993637
-3.11 0.993091
-3.1 0.992149
-3.09 0.990807
-3.08 0.989061
-3.07 0.986909
-3.06 0.984347
-3.05 0.981371
-3.04 0.977978
-3.03 0.974165
-3.02 0.969928
-3.01 0.965265
-3 0.96017
-2.99 0.954644
-2.98 0.94869
-2.97 0.942315
-2.96 0.935524
-2.95 0.928326
-2.94 0.920725
-2.93 0.912727
-2.92 0.904341
-2.91 0.89557
-2.9 0.886423
-2.89 0.876905
-2.88 0.867022
-2.87 0.856782
-2.86 0.846189
-2.85 0.835251
-2.84 0.823973
-2.83 0.812363
-2.82 0.800425
-2.81 0.788168
-2.8 0.775596
-2.79 0.762717
-2.78 0.749536
-2.77 0.73606
-2.76 0.722295
-2.75 0.708247
-2.74 0.693923
-2.73 0.67933
-2.72 0.664472
-2.71 0.649358
-2.7 0.633992
-2.69 0.618381
-2.68 0.602532
-2.67 0.586451
-2.66 0.570144
-2.65 0.553618
-2.64 0.536878
-2.63 0.519931
-2.62 0.502784
-2.61 0.485442
-2.6 0.467913
-2.59 0.450202
-2.58 0.432315
-2.57 0.414259
-2.56 0.39604
-2.55 0.377665
-2.54 0.35914
-2.53 0.34047
-2.52 0.321664
-2.51 0.302725
-2.5 0.283662
-2.49 0.264481
-2.48 0.245188
-2.47 0.225793
-2.46 0.206304
-2.45 0.186728
-2.44 0.167073
-2.43 0.147348
-2.42 0.127561
-2.41 0.107718
-2.4 0.0878299
-2.39 0.0679029
-2.38 0.0479455
-2.37 0.0279658
-2.36 0.00797172
-2.35 -0.0120287
-2.34 -0.0320273
-2.33 -0.0520162
-2.32 -0.0719874
-2.31 -0.0919327
-2.3 -0.111844
-2.29 -0.131714
-2.28 -0.151534
-2.27 -0.171295
-2.26 -0.190991
-2.25 -0.210613
-2.24 -0.230153
-2.23 -0.249603
-2.22 -0.268955
-2.21 -0.288201
-2.2 -0.307333
-2.19 -0.326342
-2.18 -0.345222
-2.17 -0.363963
-2.16 -0.382558
-2.15 -0.400999
-2.14 -0.419277
-2.13 -0.437386
-2.12 -0.455315
-2.11 -0.473059
-2.1 -0.490608
-2.09 -0.507955
-2.08 -0.525091
-2.07 -0.542009
-2.06 -0.558701
-2.05 -0.575158
-2.04 -0.591372
-2.03 -0.607336
-2.02 -0.623041
-2.01 -0.63848
-2 -0.653644
-1.99 -0.668526
-1.98 -0.683122
-1.97 -0.69743
-1.96 -0.711447
-1.95 -0.725168
-1.94 -0.738593
-1.93 -0.751717
-1.92 -0.764538
-1.91 -0.777052
-1.9 -0.789257
-1.89 -0.80115
-1.88 -0.812728
-1.87 -0.823988
-1.86 -0.834927
-1.85 -0.845541
-1.84 -0.855829
-1.83 -0.865787
-1.82 -0.875412
-1.81 -0.884701
-1.8 -0.893651
-1.79 -0.90226
-1.78 -0.910524
-1.77 -0.91844
-1.76 -0.926006
-1.75 -0.933218
-1.74 -0.940074
-1.73 -0.94657
-1.72 -0.952704
-1.71 -0.958473
-1.7 -0.963873
-1.69 -0.968902
-1.68 -0.973557
-1.67 -0.977835
-1.66 -0.981733
-1.65 -0.985247
-1.64 -0.988376
-1.63 -0.991115
-1.62 -0.993463
-1.61 -0.995416
-1.6 -0.996971
-1.59 -0.998125
-1.58 -0.998876
-1.57 -0.99922
-1.56 -0.999154
-1.55 -0.998676
-1.54 -0.997782
-1.53 -0.99647
-1.52 -0.994736
-1.51 -0.992578
-1.5 -0.989992
-1.49 -0.986978
-1.48 -0.983538
-1.47 -0.979678
-1.46 -0.975403
-1.45 -0.970718
-1.44 -0.965627
-1.43 -0.960135
-1.42 -0.954249
-1.41 -0.947972
-1.4 -0.94131
-1.39 -0.934267
-1.38 -0.926849
-1.37 -0.919061
-1.36 -0.910907
-1.35 -0.902393
-1.34 -0.893523
-1.33 -0.884303
-1.32 -0.874738
-1.31 -0.864832
-1.3 -0.854591
-1.29 -0.844019
-1.28 -0.833122
-1.27 -0.821905
-1.26 -0.810372
-1.25 -0.798528
-1.24 -0.786379
-1.23 -0.77393
-1.22 -0.761185
-1.21 -0.74815
-1.2 -0.734829
-1.19 -0.721228
-1.18 -0.707351
-1.17 -0.693203
-1.16 -0.678791
-1.15 -0.664117
-1.14 -0.649188
-1.13 -0.634009
-1.12 -0.618584
-1.11 -0.602918
-1.1 -0.587017
-1.09 -0.570885
-1.08 -0.554528
-1.07 -0.53795
-1.06 -0.521156
-1.05 -0.504152
-1.04 -0.486942
-1.03 -0.469532
-1.02 -0.451926
-1.01 -0.434129
-1 -0.416147
-0.99 -0.397984
-0.98 -0.37965
-0.97 -0.361151
-0.96 -0.342496
-0.95 -0.323695
-0.94 -0.304753
-0.93 -0.285682
-0.92 -0.266487
-0.91 -0.247179
-0.9 -0.227764
-0.89 -0.208252
-0.88 -0.188651
-0.87 -0.168968
-0.86 -0.149213
-0.85 -0.129394
-0.84 -0.109519
-0.83 -0.0895954
-0.82 -0.0696327
-0.81 -0.0496389
-0.8 -0.0296223
-0.79 -0.00959107
-0.78 0.0104463
-0.77 0.0304817
-0.76 0.0505066
-0.75 0.0705129
-0.74 0.0904922
-0.73 0.110436
-0.72 0.130337
-0.71 0.150185
-0.7 0.169973
-0.69 0.189693
-0.68 0.209336
-0.67 0.228894
-0.66 0.248358
-0.65 0.267721
-0.64 0.286973
-0.63 0.306107
-0.62 0.325115
-0.61 0.343987
-0.6 0.362717
-0.59 0.381294
-0.58 0.399712
-0.57 0.417962
-0.56 0.436035
-0.55 0.453923
-0.54 0.471619
-0.53 0.489112
-0.52 0.506396
-0.51 0.523463
-0.5 0.540302
-0.49 0.556908
-0.48 0.573275
-0.47 0.5894
-0.46 0.605278
-0.45 0.620905
-0.44 0.636278
-0.43 0.651392
-0.42 0.666244
-0.41 0.680829
-0.4 0.695143
-0.39 0.709183
-0.38 0.722944
-0.37 0.736423
-0.36 0.749615
-0.35 0.762517
-0.34 0.775124
-0.33 0.787432
-0.32 0.799439
-0.31 0.811138
-0.3 0.822527
-0.29 0.833602
-0.28 0.844358
-0.27 0.854791
-0.26 0.864898
-0.25 0.874675
-0.24 0.884117
-0.23 0.89322
-0.22 0.901981
-0.21 0.910396
-0.2 0.91846
-0.19 0.92617
-0.18 0.933521
-0.17 0.94051
-0.16 0.947133
-0.15 0.953385
-0.14 0.959262
-0.13 0.964762
-0.12 0.969879
-0.11 0.974609
-0.1 0.978949
-0.09 0.982895
-0.08 0.986442
-0.07 0.989587
-0.06 0.992326
-0.05 0.994654
-0.04 0.996568
-0.03 0.998063
-0.02 0.999137
-0.01 0.999783
0 1
0.01 0.999784
0.02 0.999137
0.03 0.998064
0.04 0.996568
0.05 0.994655
0.06 0.992327
0.07 0.989588
0.08 0.986443
0.09 0.982896
0.1 0.978951
0.11 0.974611
0.12 0.96988
0.13 0.964764
0.14 0.959264
0.15 0.953387
0.16 0.947135
0.17 0.940513
0.18 0.933524
0.19 0.926173
0.2 0.918463
0.21 0.910399
0.22 0.901984
0.23 0.893223
0.24 0.88412
0.25 0.874678
0.26 0.864901
0.27 0.854794
0.28 0.844361
0.29 0.833605
0.3 0.82253
0.31 0.811141
0.32 0.799442
0.33 0.787435
0.34 0.775127
0.35 0.76252
0.36 0.749618
0.37 0.736426
0.38 0.722947
0.39 0.709185
0.4 0.695145
0.41 0.680831
0.42 0.666246
0.43 0.651394
0.44 0.63628
0.45 0.620907
0.46 0.605279
0.47 0.589401
0.48 0.573276
0.49 0.556908
0.5 0.540302
0.51 0.523462
0.52 0.506396
0.53 0.489111
0.54 0.471617
0.55 0.453922
0.56 0.436033
0.57 0.417959
0.58 0.399709
0.59 0.381291
0.6 0.362713
0.61 0.343983
0.62 0.32511
0.63 0.306102
0.64 0.286968
0.65 0.267715
0.66 0.248352
0.67 0.228887
0.68 0.209329
0.69 0.189686
0.7 0.169966
0.71 0.150177
0.72 0.130328
0.73 0.110428
0.74 0.0904834
0.75 0.0705039
0.76 0.0504975
0.77 0.0304724
0.78 0.0104369
0.79 -0.0096006
0.8 -0.0296318
0.81 -0.0496485
0.82 -0.0696423
0.83 -0.0896049
0.84 -0.109528
0.85 -0.129403
0.86 -0.149222
0.87 -0.168977
0.88 -0.188659
0.89 -0.20826
0.9 -0.227772
0.91 -0.247186
0.92 -0.266494
0.93 -0.285688
0.94 -0.304759
0.95 -0.323699
0.96 -0.3425
0.97 -0.361154
0.98 -0.379652
0.99 -0.397986
1 -0.416147
1.01 -0.434128
1.02 -0.451923
1.03 -0.469528
1.04 -0.486937
1.05 -0.504146
1.06 -0.521148
1.07 -0.53794
1.08 -0.554517
1.09 -0.570873
1.1 -0.587003
1.11 -0.602903
1.12 -0.618567
1.13 -0.63399
1.14 -0.649168
1.15 -0.664096
1.16 -0.678768
1.17 -0.693179
1.18 -0.707325
1.19 -0.721201
1.2 -0.734801
1.21 -0.748121
1.22 -0.761155
1.23 -0.773899
1.24 -0.786347
1.25 -0.798495
1.26 -0.810338
1.27 -0.82187
1.28 -0.833087
1.29 -0.843984
1.3 -0.854556
1.31 -0.864797
1.32 -0.874703
1.33 -0.884268
1.34 -0.893488
1.35 -0.902359
1.36 -0.910874
1.37 -0.919028
1.38 -0.926818
1.39 -0.934237
1.4 -0.941281
1.41 -0.947945
1.42 -0.954224
1.43 -0.960113
1.44 -0.965607
1.45 -0.9707
1.46 -0.975389
1.47 -0.979667
1.48 -0.983531
1.49 -0.986974
1.5 -0.989992
1.51 -0.992582
1.52 -0.994745
1.53 -0.996483
1.54 -0.997801
1.55 -0.9987
1.56 -0.999183
1.57 -0.999254
1.58 -0.998916
1.59 -0.998171
1.6 -0.997022
1.61 -0.995473
1.62 -0.993526
1.63 -0.991184
1.64 -0.98845
1.65 -0.985326
1.66 -0.981817
1.67 -0.977925
1.68 -0.973652
1.69 -0.969002
1.7 -0.963977
1.71 -0.958581
1.72 -0.952817
1.73 -0.946687
1.74 -0.940194
1.75 -0.933341
1.76 -0.926131
1.77 -0.918568
1.78 -0.910653
1.79 -0.90239
1.8 -0.893783
1.81 -0.884832
1.82 -0.875543
1.83 -0.865917
1.84 -0.855958
1.85 -0.845668
1.86 -0.835051
1.87 -0.824108
1.88 -0.812845
1.89 -0.801262
1.9 -0.789363
1.91 -0.777151
1.92 -0.76463
1.93 -0.751801
1.94 -0.738667
1.95 -0.725233
1.96 -0.7115
1.97 -0.697472
1.98 -0.683151
1.99 -0.668541
2 -0.653644
2.01 -0.638464
2.02 -0.623008
2.03 -0.607285
2.04 -0.591303
2.05 -0.575069
2.06 -0.558592
2.07 -0.54188
2.08 -0.524942
2.09 -0.507785
2.1 -0.490417
2.11 -0.472846
2.12 -0.455082
2.13 -0.437131
2.14 -0.419002
2.15 -0.400703
2.16 -0.382242
2.17 -0.363628
2.18 -0.344868
2.19 -0.325971
2.2 -0.306944
2.21 -0.287796
2.22 -0.268535
2.23 -0.249169
2.24 -0.229707
2.25 -0.210155
2.26 -0.190524
2.27 -0.17082
2.28 -0.151051
2.29 -0.131226
2.3 -0.111354
2.31 -0.0914414
2.32 -0.0714972
2.33 -0.0515293
2.34 -0.031546
2.35 -0.0115552
2.36 0.00843474
2.37 0.0284158
2.38 0.0483799
2.39 0.0683188
2.4 0.0882244
2.41 0.108089
2.42 0.127903
2.43 0.14766
2.44 0.167352
2.45 0.186969
2.46 0.206504
2.47 0.225949
2.48 0.245296
2.49 0.264536
2.5 0.283662
2.51 0.302666
2.52 0.32154
2.53 0.340281
2.54 0.358881
2.55 0.377334
2.56 0.395635
2.57 0.413778
2.58 0.431757
2.59 0.449565
2.6 0.467198
2.61 0.484649
2.62 0.501912
2.63 0.518981
2.64 0.53585
2.65 0.552514
2.66 0.568966
2.67 0.585201
2.68 0.601212
2.69 0.616994
2.7 0.632541
2.71 0.647846
2.72 0.662905
2.73 0.67771
2.74 0.692257
2.75 0.706538
2.76 0.720549
2.77 0.734283
2.78 0.747735
2.79 0.760898
2.8 0.773766
2.81 0.786334
2.82 0.798596
2.83 0.810545
2.84 0.822177
2.85 0.833484
2.86 0.844461
2.87 0.855102
2.88 0.865401
2.89 0.875353
2.9 0.884951
2.91 0.894189
2.92 0.903061
2.93 0.911562
2.94 0.919686
2.95 0.927426
2.96 0.934777
2.97 0.941733
2.98 0.948288
2.99 0.954436
3 0.96017
3.01 0.965487
3.02 0.970388
3.03 0.974873
3.04 0.978945
3.05 0.982606
3.06 0.985859
3.07 0.988704
3.08 0.991144
3.09 0.993181
3.1 0.994817
3.11 0.996053
3.12 0.996892
3.13 0.997337
3.14 0.997387
3.15 0.997047
3.16 0.996317
3.17 0.9952
3.18 0.993697
3.19 0.991811
3.2 0.989543
3.21 0.986896
3.22 0.983872
3.23 0.980472
3.24 0.976698
3.25 0.972553
3.26 0.968037
3.27 0.963155
3.28 0.957906
3.29 0.952294
3.3 0.94632
3.31 0.939987
3.32 0.933295
3.33 0.926248
3.34 0.918846
3.35 0.911093
3.36 0.90299
3.37 0.894539
3.38 0.885741
3.39 0.8766
3.4 0.867117
3.41 0.857293
3.42 0.847132
3.43 0.836634
3.44 0.825802
3.45 0.814638
3.46 0.803143
3.47 0.791321
3.48 0.779172
3.49 0.766698
3.5 0.753902
3.51 0.740787
3.52 0.727358
3.53 0.713623
3.54 0.69959
3.55 0.685264
3.56 0.670654
3.57 0.655766
3.58 0.640608
3.59 0.625187
3.6 0.609509
3.61 0.593583
3.62 0.577415
3.63 0.561012
3.64 0.544382
3.65 0.527531
3.66 0.510468
3.67 0.493198
3.68 0.475729
3.69 0.458069
3.7 0.440224
3.71 0.422201
3.72 0.404009
3.73 0.385653
3.74 0.367141
3.75 0.34848
3.76 0.329678
3.77 0.310741
3.78 0.291677
3.79 0.272492
3.8 0.253195
3.81 0.233791
3.82 0.214289
3.83 0.194694
3.84 0.175016
3.85 0.15526
3.86 0.135434
3.87 0.115545
3.88 0.0955996
3.89 0.0756058
3.9 0.0555703
3.91 0.0355004
3.92 0.0154032
3.93 -0.00471424
3.94 -0.0248446
3.95 -0.0449809
3.96 -0.0651159
3.97 -0.0852425
3.98 -0.105353
3.99 -0.125442
4 -0.1455
4.01 -0.165521
4.02 -0.185496
4.03 -0.205415
4.04 -0.225271
4.05 -0.245052
4.06 -0.264751
4.07 -0.284358
4.08 -0.303865
4.09 -0.323261
4.1 -0.342538
4.11 -0.361687
4.12 -0.380698
4.13 -0.399563
4.14 -0.418272
4.15 -0.436816
4.16 -0.455187
4.17 -0.473374
4.18 -0.491369
4.19 -0.509163
4.2 -0.526746
4.21 -0.54411
4.22 -0.561246
4.23 -0.578143
4.24 -0.594793
4.25 -0.611188
4.26 -0.627317
4.27 -0.643172
4.28 -0.658743
4.29 -0.674022
4.3 -0.688999
4.31 -0.703665
4.32 -0.718012
4.33 -0.732029
4.34 -0.745708
4.35 -0.75904
4.36 -0.772015
4.37 -0.784625
4.38 -0.79686
4.39 -0.808711
4.4 -0.820169
4.41 -0.831225
4.42 -0.84187
4.43 -0.852095
4.44 -0.86189
4.45 -0.871246
4.46 -0.880155
4.47 -0.888607
4.48 -0.896593
4.49 -0.904104
4.5 -0.91113
4.51 -0.917667
4.52 -0.92372
4.53 -0.929299
4.54 -0.934414
4.55 -0.939076
4.56 -0.943294
4.57 -0.947077
4.58 -0.950436
4.59 -0.953381
4.6 -0.955921
4.61 -0.958067
4.62 -0.959828
4.63 -0.961213
4.64 -0.962234
4.65 -0.962899
4.66 -0.96322
4.67 -0.963204
4.68 -0.962863
4.69 -0.962206
4.7 -0.961244
4.71 -0.959985
4.72 -0.95844
4.73 -0.956619
4.74 -0.954532
4.75 -0.952188
4.76 -0.949597
4.77 -0.94677
4.78 -0.943715
4.79 -0.940444
4.8 -0.936965
4.81 -0.933289
4.82 -0.929425
4.83 -0.925384
4.84 -0.921175
4.85 -0.916808
4.86 -0.912294
4.87 -0.907641
4.88 -0.90286
4.89 -0.89796
4.9 -0.892952
4.91 -0.887845
4.92 -0.882649
4.93 -0.877375
4.94 -0.872031
4.95 -0.866628
4.96 -0.861176
4.97 -0.855685
4.98 -0.850163
4.99 -0.844622
5 -0.839072


