0   1  20.485714 
0   2  24.327365 
0   3  24.534951 
0   4  24.555684 
0   5  24.558121 
0   6  24.558425 
0   7  24.558464 
0   8  24.558469 
0   9  24.558469 
0   10  24.558469 
0   11  24.558469 
0   12  24.558469 



1   1  0.975911 
1   2  7.732824 
1   3  8.435153 
1   4  8.682327 
1   5  8.780323 
1   6  8.821095 
1   7  8.838471 
1   8  8.845972 
1   9  8.849235 
1   10  8.850661 
1   11  8.851285 
1   12  8.851559 



2   1  0.438848 
2   2  5.031550 
2   3  5.520899 
2   4  5.703915 
2   5  5.785217 
2   6  5.824554 
2   7  5.844503 
2   8  5.854887 
2   9  5.860369 
2   10  5.863283 
2   11  5.864839 
2   12  5.865671 



3   1  0.222284 
3   2  3.523016 
3   3  3.941041 
3   4  4.117695 
3   5  4.203957 
3   6  4.248019 
3   7  4.270757 
3   8  4.282456 
3   9  4.288444 
3   10  4.291496 
3   11  4.293049 
3   12  4.293837 



4   1  0.134634 
4   2  2.605128 
4   3  2.893636 
4   4  2.996143 
4   5  3.035652 
4   6  3.050214 
4   7  3.055445 
4   8  3.057306 
4   9  3.057965 
4   10  3.058198 
4   11  3.058280 
4   12  3.058310 



5   1  0.068237 
5   2  1.661381 
5   3  1.802233 
5   4  1.817084 
5   5  1.818475 
5   6  1.818604 
5   7  1.818616 
5   8  1.818617 
5   9  1.818617 
5   10  1.818617 
5   11  1.818617 
5   12  1.818617 



6   1  0.021721 
6   2  0.552968 
6   3  0.552968 
6   4  0.552968 
6   5  0.552968 
6   6  0.552968 
6   7  0.552968 
6   8  0.552968 
6   9  0.552968 
6   10  0.552968 
6   11  0.552968 
6   12  0.552968 



