-5	0.0167855
-4.99	0.0156586
-4.98	0.01455
-4.97	0.0134594
-4.96	0.0123869
-4.95	0.0113323
-4.94	0.0102955
-4.93	0.00927642
-4.92	0.008275
-4.91	0.00729113
-4.9	0.0063247
-4.89	0.00537562
-4.88	0.00444381
-4.87	0.00352915
-4.86	0.00263157
-4.85	0.00175096
-4.84	0.000887235
-4.83	4.02991e-05
-4.82	-0.000789941
-4.81	-0.00160358
-4.8	-0.0024007
-4.79	-0.00318141
-4.78	-0.0039458
-4.77	-0.00469395
-4.76	-0.00542596
-4.75	-0.00614192
-4.74	-0.00684192
-4.73	-0.00752606
-4.72	-0.00819442
-4.71	-0.0088471
-4.7	-0.00948418
-4.69	-0.0101058
-4.68	-0.0107119
-4.67	-0.0113028
-4.66	-0.0118784
-4.65	-0.0124389
-4.64	-0.0129843
-4.63	-0.0135148
-4.62	-0.0140304
-4.61	-0.0145312
-4.6	-0.0150173
-4.59	-0.0154888
-4.58	-0.0159458
-4.57	-0.0163883
-4.56	-0.0168165
-4.55	-0.0172305
-4.54	-0.0176303
-4.53	-0.018016
-4.52	-0.0183877
-4.51	-0.0187456
-4.5	-0.0190896
-4.49	-0.0194198
-4.48	-0.0197365
-4.47	-0.0200395
-4.46	-0.0203292
-4.45	-0.0206054
-4.44	-0.0208683
-4.43	-0.021118
-4.42	-0.0213546
-4.41	-0.0215781
-4.4	-0.0217887
-4.39	-0.0219864
-4.38	-0.0221713
-4.37	-0.0223436
-4.36	-0.0225032
-4.35	-0.0226502
-4.34	-0.0227848
-4.33	-0.0229071
-4.32	-0.023017
-4.31	-0.0231148
-4.3	-0.0232004
-4.29	-0.023274
-4.28	-0.0233357
-4.27	-0.0233855
-4.26	-0.0234235
-4.25	-0.0234498
-4.24	-0.0234645
-4.23	-0.0234676
-4.22	-0.0234593
-4.21	-0.0234395
-4.2	-0.0234085
-4.19	-0.0233663
-4.18	-0.023313
-4.17	-0.0232485
-4.16	-0.0231732
-4.15	-0.0230869
-4.14	-0.0229898
-4.13	-0.0228819
-4.12	-0.0227635
-4.11	-0.0226344
-4.1	-0.0224948
-4.09	-0.0223449
-4.08	-0.0221845
-4.07	-0.022014
-4.06	-0.0218332
-4.05	-0.0216424
-4.04	-0.0214415
-4.03	-0.0212307
-4.02	-0.02101
-4.01	-0.0207795
-4	-0.0205393
-3.99	-0.0202894
-3.98	-0.02003
-3.97	-0.0197611
-3.96	-0.0194828
-3.95	-0.0191952
-3.94	-0.0188983
-3.93	-0.0185923
-3.92	-0.0182771
-3.91	-0.0179529
-3.9	-0.0176198
-3.89	-0.0172778
-3.88	-0.0169269
-3.87	-0.0165674
-3.86	-0.0161992
-3.85	-0.0158224
-3.84	-0.0154371
-3.83	-0.0150434
-3.82	-0.0146414
-3.81	-0.014231
-3.8	-0.0138124
-3.79	-0.0133857
-3.78	-0.012951
-3.77	-0.0125082
-3.76	-0.0120576
-3.75	-0.0115991
-3.74	-0.0111328
-3.73	-0.0106588
-3.72	-0.0101772
-3.71	-0.009688
-3.7	-0.00919135
-3.69	-0.00868728
-3.68	-0.00817586
-3.67	-0.00765717
-3.66	-0.00713129
-3.65	-0.00659827
-3.64	-0.00605819
-3.63	-0.00551112
-3.62	-0.00495713
-3.61	-0.00439629
-3.6	-0.00382866
-3.59	-0.00325433
-3.58	-0.00267335
-3.57	-0.0020858
-3.56	-0.00149175
-3.55	-0.000891254
-3.54	-0.000284394
-3.53	0.000328766
-3.52	0.000948157
-3.51	0.00157371
-3.5	0.00220536
-3.49	0.00284304
-3.48	0.00348669
-3.47	0.00413622
-3.46	0.00479159
-3.45	0.00545271
-3.44	0.00611953
-3.43	0.00679198
-3.42	0.00746999
-3.41	0.0081535
-3.4	0.00884243
-3.39	0.00953674
-3.38	0.0102363
-3.37	0.0109412
-3.36	0.0116512
-3.35	0.0123663
-3.34	0.0130864
-3.33	0.0138116
-3.32	0.0145416
-3.31	0.0152765
-3.3	0.0160162
-3.29	0.0167606
-3.28	0.0175096
-3.27	0.0182633
-3.26	0.0190214
-3.25	0.0197841
-3.24	0.0205511
-3.23	0.0213225
-3.22	0.0220982
-3.21	0.0228781
-3.2	0.0236621
-3.19	0.0244503
-3.18	0.0252425
-3.17	0.0260386
-3.16	0.0268387
-3.15	0.0276426
-3.14	0.0284503
-3.13	0.0292618
-3.12	0.0300769
-3.11	0.0308956
-3.1	0.0317178
-3.09	0.0325436
-3.08	0.0333728
-3.07	0.0342053
-3.06	0.0350412
-3.05	0.0358803
-3.04	0.0367227
-3.03	0.0375681
-3.02	0.0384166
-3.01	0.0392682
-3	0.0401227
-2.99	0.0409801
-2.98	0.0418404
-2.97	0.0427034
-2.96	0.0435692
-2.95	0.0444376
-2.94	0.0453087
-2.93	0.0461824
-2.92	0.0470585
-2.91	0.0479371
-2.9	0.0488181
-2.89	0.0497014
-2.88	0.050587
-2.87	0.0514748
-2.86	0.0523648
-2.85	0.0532569
-2.84	0.054151
-2.83	0.0550472
-2.82	0.0559453
-2.81	0.0568453
-2.8	0.0577472
-2.79	0.0586508
-2.78	0.0595562
-2.77	0.0604633
-2.76	0.061372
-2.75	0.0622823
-2.74	0.063194
-2.73	0.0641073
-2.72	0.065022
-2.71	0.065938
-2.7	0.0668554
-2.69	0.067774
-2.68	0.0686938
-2.67	0.0696148
-2.66	0.0705368
-2.65	0.07146
-2.64	0.0723841
-2.63	0.0733092
-2.62	0.0742352
-2.61	0.075162
-2.6	0.0760897
-2.59	0.0770181
-2.58	0.0779472
-2.57	0.0788769
-2.56	0.0798073
-2.55	0.0807382
-2.54	0.0816696
-2.53	0.0826014
-2.52	0.0835337
-2.51	0.0844663
-2.5	0.0853992
-2.49	0.0863324
-2.48	0.0872658
-2.47	0.0881994
-2.46	0.0891331
-2.45	0.0900669
-2.44	0.0910006
-2.43	0.0919344
-2.42	0.0928681
-2.41	0.0938016
-2.4	0.0947351
-2.39	0.0956682
-2.38	0.0966012
-2.37	0.0975338
-2.36	0.0984661
-2.35	0.099398
-2.34	0.100329
-2.33	0.10126
-2.32	0.102191
-2.31	0.103121
-2.3	0.10405
-2.29	0.104979
-2.28	0.105907
-2.27	0.106834
-2.26	0.10776
-2.25	0.108686
-2.24	0.10961
-2.23	0.110534
-2.22	0.111457
-2.21	0.112378
-2.2	0.113299
-2.19	0.114219
-2.18	0.115137
-2.17	0.116054
-2.16	0.11697
-2.15	0.117885
-2.14	0.118799
-2.13	0.119711
-2.12	0.120622
-2.11	0.121531
-2.1	0.122439
-2.09	0.123345
-2.08	0.12425
-2.07	0.125153
-2.06	0.126055
-2.05	0.126955
-2.04	0.127853
-2.03	0.12875
-2.02	0.129644
-2.01	0.130537
-2	0.131428
-1.99	0.132318
-1.98	0.133205
-1.97	0.13409
-1.96	0.134973
-1.95	0.135854
-1.94	0.136733
-1.93	0.13761
-1.92	0.138485
-1.91	0.139358
-1.9	0.140228
-1.89	0.141096
-1.88	0.141962
-1.87	0.142825
-1.86	0.143686
-1.85	0.144545
-1.84	0.145401
-1.83	0.146255
-1.82	0.147106
-1.81	0.147954
-1.8	0.1488
-1.79	0.149644
-1.78	0.150485
-1.77	0.151323
-1.76	0.152158
-1.75	0.15299
-1.74	0.15382
-1.73	0.154647
-1.72	0.155471
-1.71	0.156292
-1.7	0.15711
-1.69	0.157925
-1.68	0.158738
-1.67	0.159547
-1.66	0.160353
-1.65	0.161156
-1.64	0.161956
-1.63	0.162753
-1.62	0.163546
-1.61	0.164337
-1.6	0.165124
-1.59	0.165907
-1.58	0.166688
-1.57	0.167465
-1.56	0.168239
-1.55	0.169009
-1.54	0.169776
-1.53	0.17054
-1.52	0.1713
-1.51	0.172056
-1.5	0.172809
-1.49	0.173559
-1.48	0.174304
-1.47	0.175046
-1.46	0.175785
-1.45	0.17652
-1.44	0.177251
-1.43	0.177978
-1.42	0.178701
-1.41	0.179421
-1.4	0.180137
-1.39	0.180849
-1.38	0.181557
-1.37	0.182261
-1.36	0.182962
-1.35	0.183658
-1.34	0.18435
-1.33	0.185039
-1.32	0.185723
-1.31	0.186403
-1.3	0.187079
-1.29	0.187751
-1.28	0.188419
-1.27	0.189083
-1.26	0.189743
-1.25	0.190398
-1.24	0.191049
-1.23	0.191696
-1.22	0.192338
-1.21	0.192977
-1.2	0.193611
-1.19	0.19424
-1.18	0.194865
-1.17	0.195486
-1.16	0.196102
-1.15	0.196714
-1.14	0.197322
-1.13	0.197925
-1.12	0.198523
-1.11	0.199117
-1.1	0.199706
-1.09	0.200291
-1.08	0.200871
-1.07	0.201447
-1.06	0.202018
-1.05	0.202584
-1.04	0.203146
-1.03	0.203703
-1.02	0.204255
-1.01	0.204802
-1	0.205345
-0.99	0.205883
-0.98	0.206416
-0.97	0.206944
-0.96	0.207468
-0.95	0.207986
-0.94	0.2085
-0.93	0.209009
-0.92	0.209513
-0.91	0.210012
-0.9	0.210506
-0.89	0.210995
-0.88	0.211479
-0.87	0.211959
-0.86	0.212433
-0.85	0.212902
-0.84	0.213366
-0.83	0.213825
-0.82	0.214279
-0.81	0.214728
-0.8	0.215172
-0.79	0.21561
-0.78	0.216044
-0.77	0.216472
-0.76	0.216895
-0.75	0.217313
-0.74	0.217726
-0.73	0.218134
-0.72	0.218536
-0.71	0.218933
-0.7	0.219325
-0.69	0.219712
-0.68	0.220093
-0.67	0.22047
-0.66	0.22084
-0.65	0.221206
-0.64	0.221566
-0.63	0.221921
-0.62	0.22227
-0.61	0.222614
-0.6	0.222953
-0.59	0.223286
-0.58	0.223614
-0.57	0.223937
-0.56	0.224254
-0.55	0.224566
-0.54	0.224872
-0.53	0.225173
-0.52	0.225468
-0.51	0.225758
-0.5	0.226042
-0.49	0.226321
-0.48	0.226594
-0.47	0.226862
-0.46	0.227124
-0.45	0.227381
-0.44	0.227632
-0.43	0.227878
-0.42	0.228118
-0.41	0.228353
-0.4	0.228582
-0.39	0.228805
-0.38	0.229023
-0.37	0.229236
-0.36	0.229442
-0.35	0.229643
-0.34	0.229839
-0.33	0.230029
-0.32	0.230213
-0.31	0.230391
-0.3	0.230564
-0.29	0.230732
-0.28	0.230893
-0.27	0.231049
-0.26	0.2312
-0.25	0.231344
-0.24	0.231483
-0.23	0.231617
-0.22	0.231744
-0.21	0.231866
-0.2	0.231982
-0.19	0.232093
-0.18	0.232198
-0.17	0.232297
-0.16	0.232391
-0.15	0.232478
-0.14	0.23256
-0.13	0.232637
-0.12	0.232707
-0.11	0.232772
-0.1	0.232832
-0.09	0.232885
-0.08	0.232933
-0.07	0.232975
-0.06	0.233011
-0.05	0.233042
-0.04	0.233067
-0.03	0.233086
-0.02	0.233099
-0.01	0.233107
0	0.233109
0.01	0.233105
0.02	0.233096
0.03	0.23308
0.04	0.233059
0.05	0.233033
0.06	0.233
0.07	0.232962
0.08	0.232918
0.09	0.232869
0.1	0.232813
0.11	0.232752
0.12	0.232686
0.13	0.232613
0.14	0.232535
0.15	0.232451
0.16	0.232362
0.17	0.232266
0.18	0.232165
0.19	0.232059
0.2	0.231946
0.21	0.231828
0.22	0.231704
0.23	0.231575
0.24	0.23144
0.25	0.231299
0.26	0.231153
0.27	0.231001
0.28	0.230843
0.29	0.230679
0.3	0.23051
0.31	0.230336
0.32	0.230155
0.33	0.229969
0.34	0.229778
0.35	0.229581
0.36	0.229378
0.37	0.22917
0.38	0.228956
0.39	0.228736
0.4	0.228511
0.41	0.22828
0.42	0.228044
0.43	0.227802
0.44	0.227554
0.45	0.227302
0.46	0.227043
0.47	0.226779
0.48	0.22651
0.49	0.226235
0.5	0.225954
0.51	0.225668
0.52	0.225377
0.53	0.22508
0.54	0.224777
0.55	0.224469
0.56	0.224156
0.57	0.223837
0.58	0.223513
0.59	0.223184
0.6	0.222849
0.61	0.222509
0.62	0.222163
0.63	0.221812
0.64	0.221456
0.65	0.221094
0.66	0.220727
0.67	0.220355
0.68	0.219977
0.69	0.219594
0.7	0.219206
0.71	0.218813
0.72	0.218414
0.73	0.21801
0.74	0.217601
0.75	0.217187
0.76	0.216767
0.77	0.216343
0.78	0.215913
0.79	0.215478
0.8	0.215038
0.81	0.214593
0.82	0.214143
0.83	0.213687
0.84	0.213227
0.85	0.212761
0.86	0.212291
0.87	0.211815
0.88	0.211335
0.89	0.21085
0.9	0.210359
0.91	0.209864
0.92	0.209363
0.93	0.208858
0.94	0.208348
0.95	0.207833
0.96	0.207313
0.97	0.206789
0.98	0.206259
0.99	0.205725
1	0.205186
1.01	0.204642
1.02	0.204093
1.03	0.20354
1.04	0.202982
1.05	0.202419
1.06	0.201852
1.07	0.20128
1.08	0.200703
1.09	0.200122
1.1	0.199536
1.11	0.198946
1.12	0.198351
1.13	0.197752
1.14	0.197148
1.15	0.196539
1.16	0.195927
1.17	0.195309
1.18	0.194688
1.19	0.194062
1.2	0.193431
1.21	0.192796
1.22	0.192157
1.23	0.191514
1.24	0.190866
1.25	0.190214
1.26	0.189558
1.27	0.188898
1.28	0.188233
1.29	0.187565
1.3	0.186892
1.31	0.186215
1.32	0.185534
1.33	0.184849
1.34	0.18416
1.35	0.183467
1.36	0.18277
1.37	0.182069
1.38	0.181364
1.39	0.180656
1.4	0.179943
1.41	0.179227
1.42	0.178506
1.43	0.177782
1.44	0.177055
1.45	0.176323
1.46	0.175588
1.47	0.174849
1.48	0.174106
1.49	0.17336
1.5	0.17261
1.51	0.171857
1.52	0.1711
1.53	0.17034
1.54	0.169576
1.55	0.168809
1.56	0.168038
1.57	0.167264
1.58	0.166486
1.59	0.165706
1.6	0.164922
1.61	0.164134
1.62	0.163344
1.63	0.16255
1.64	0.161753
1.65	0.160953
1.66	0.16015
1.67	0.159344
1.68	0.158534
1.69	0.157722
1.7	0.156907
1.71	0.156088
1.72	0.155267
1.73	0.154443
1.74	0.153616
1.75	0.152787
1.76	0.151954
1.77	0.151119
1.78	0.150281
1.79	0.14944
1.8	0.148597
1.81	0.147751
1.82	0.146903
1.83	0.146052
1.84	0.145198
1.85	0.144342
1.86	0.143484
1.87	0.142623
1.88	0.14176
1.89	0.140894
1.9	0.140027
1.91	0.139157
1.92	0.138284
1.93	0.13741
1.94	0.136533
1.95	0.135654
1.96	0.134774
1.97	0.133891
1.98	0.133006
1.99	0.132119
2	0.131231
2.01	0.13034
2.02	0.129448
2.03	0.128553
2.04	0.127657
2.05	0.12676
2.06	0.12586
2.07	0.124959
2.08	0.124057
2.09	0.123152
2.1	0.122247
2.11	0.121339
2.12	0.120431
2.13	0.11952
2.14	0.118609
2.15	0.117696
2.16	0.116782
2.17	0.115867
2.18	0.11495
2.19	0.114033
2.2	0.113114
2.21	0.112194
2.22	0.111273
2.23	0.110351
2.24	0.109428
2.25	0.108504
2.26	0.10758
2.27	0.106654
2.28	0.105728
2.29	0.104801
2.3	0.103873
2.31	0.102945
2.32	0.102016
2.33	0.101087
2.34	0.100157
2.35	0.0992264
2.36	0.0982956
2.37	0.0973643
2.38	0.0964328
2.39	0.0955009
2.4	0.0945688
2.41	0.0936366
2.42	0.0927041
2.43	0.0917716
2.44	0.090839
2.45	0.0899064
2.46	0.0889738
2.47	0.0880413
2.48	0.087109
2.49	0.0861768
2.5	0.0852449
2.51	0.0843132
2.52	0.0833819
2.53	0.0824509
2.54	0.0815203
2.55	0.0805903
2.56	0.0796607
2.57	0.0787317
2.58	0.0778033
2.59	0.0768756
2.6	0.0759486
2.61	0.0750223
2.62	0.0740969
2.63	0.0731723
2.64	0.0722487
2.65	0.071326
2.66	0.0704043
2.67	0.0694837
2.68	0.0685642
2.69	0.0676459
2.7	0.0667288
2.71	0.065813
2.72	0.0648985
2.73	0.0639853
2.74	0.0630736
2.75	0.0621634
2.76	0.0612547
2.77	0.0603476
2.78	0.0594421
2.79	0.0585383
2.8	0.0576363
2.81	0.0567361
2.82	0.0558377
2.83	0.0549412
2.84	0.0540467
2.85	0.0531542
2.86	0.0522638
2.87	0.0513755
2.88	0.0504893
2.89	0.0496054
2.9	0.0487238
2.91	0.0478446
2.92	0.0469677
2.93	0.0460933
2.94	0.0452214
2.95	0.0443521
2.96	0.0434853
2.97	0.0426213
2.98	0.04176
2.99	0.0409015
3	0.0400459
3.01	0.0391932
3.02	0.0383434
3.03	0.0374967
3.04	0.036653
3.05	0.0358125
3.06	0.0349752
3.07	0.0341411
3.08	0.0333104
3.09	0.032483
3.1	0.0316591
3.11	0.0308386
3.12	0.0300217
3.13	0.0292085
3.14	0.0283989
3.15	0.027593
3.16	0.0267909
3.17	0.0259927
3.18	0.0251984
3.19	0.024408
3.2	0.0236217
3.21	0.0228395
3.22	0.0220615
3.23	0.0212876
3.24	0.0205181
3.25	0.0197529
3.26	0.0189921
3.27	0.0182358
3.28	0.017484
3.29	0.0167367
3.3	0.0159942
3.31	0.0152564
3.32	0.0145233
3.33	0.0137951
3.34	0.0130718
3.35	0.0123535
3.36	0.0116402
3.37	0.010932
3.38	0.010229
3.39	0.00953118
3.4	0.00883868
3.41	0.00815154
3.42	0.00746983
3.43	0.00679361
3.44	0.00612294
3.45	0.0054579
3.46	0.00479854
3.47	0.00414494
3.48	0.00349715
3.49	0.00285526
3.5	0.00221932
3.51	0.00158939
3.52	0.000965558
3.53	0.000347878
3.54	-0.000263581
3.55	-0.00086875
3.56	-0.00146756
3.57	-0.00205995
3.58	-0.00264584
3.59	-0.00322517
3.6	-0.00379787
3.61	-0.00436387
3.62	-0.0049231
3.63	-0.00547549
3.64	-0.00602098
3.65	-0.00655948
3.66	-0.00709095
3.67	-0.00761529
3.68	-0.00813245
3.69	-0.00864236
3.7	-0.00914493
3.71	-0.00964011
3.72	-0.0101278
3.73	-0.010608
3.74	-0.0110805
3.75	-0.0115454
3.76	-0.0120025
3.77	-0.0124518
3.78	-0.0128932
3.79	-0.0133267
3.8	-0.013752
3.81	-0.0141693
3.82	-0.0145784
3.83	-0.0149792
3.84	-0.0153717
3.85	-0.0157558
3.86	-0.0161314
3.87	-0.0164984
3.88	-0.0168568
3.89	-0.0172065
3.9	-0.0175475
3.91	-0.0178795
3.92	-0.0182027
3.93	-0.0185168
3.94	-0.0188219
3.95	-0.0191178
3.96	-0.0194045
3.97	-0.0196819
3.98	-0.0199499
3.99	-0.0202085
4	-0.0204575
4.01	-0.0206969
4.02	-0.0209267
4.03	-0.0211466
4.04	-0.0213568
4.05	-0.021557
4.06	-0.0217472
4.07	-0.0219274
4.08	-0.0220974
4.09	-0.0222572
4.1	-0.0224067
4.11	-0.0225458
4.12	-0.0226744
4.13	-0.0227925
4.14	-0.0229
4.15	-0.0229968
4.16	-0.0230828
4.17	-0.023158
4.18	-0.0232222
4.19	-0.0232754
4.2	-0.0233175
4.21	-0.0233484
4.22	-0.0233681
4.23	-0.0233764
4.24	-0.0233734
4.25	-0.0233588
4.26	-0.0233326
4.27	-0.0232948
4.28	-0.0232453
4.29	-0.0231839
4.3	-0.0231106
4.31	-0.0230253
4.32	-0.022928
4.33	-0.0228185
4.34	-0.0226967
4.35	-0.0225627
4.36	-0.0224162
4.37	-0.0222573
4.38	-0.0220858
4.39	-0.0219016
4.4	-0.0217047
4.41	-0.021495
4.42	-0.0212724
4.43	-0.0210368
4.44	-0.0207881
4.45	-0.0205263
4.46	-0.0202512
4.47	-0.0199628
4.48	-0.019661
4.49	-0.0193457
4.5	-0.0190168
4.51	-0.0186742
4.52	-0.0183179
4.53	-0.0179477
4.54	-0.0175636
4.55	-0.0171655
4.56	-0.0167532
4.57	-0.0163268
4.58	-0.0158861
4.59	-0.0154311
4.6	-0.0149616
4.61	-0.0144776
4.62	-0.0139789
4.63	-0.0134655
4.64	-0.0129373
4.65	-0.0123942
4.66	-0.0118362
4.67	-0.011263
4.68	-0.0106747
4.69	-0.0100712
4.7	-0.00945229
4.71	-0.00881798
4.72	-0.00816815
4.73	-0.00750271
4.74	-0.00682157
4.75	-0.00612464
4.76	-0.00541183
4.77	-0.00468305
4.78	-0.00393821
4.79	-0.00317722
4.8	-0.00239998
4.81	-0.00160641
4.82	-0.000796406
4.83	3.01157e-05
4.84	0.000873249
4.85	0.00173309
4.86	0.00260972
4.87	0.00350325
4.88	0.00441376
4.89	0.00534134
4.9	0.00628609
4.91	0.00724811
4.92	0.00822748
4.93	0.0092243
4.94	0.0102387
4.95	0.0112707
4.96	0.0123204
4.97	0.013388
4.98	0.0144735
4.99	0.015577
5	0.0166986

 
-5	-0.0651429
-4.99	-0.0501082
-4.98	-0.0362233
-4.97	-0.0234382
-4.96	-0.0117044
-4.95	-0.000974607
-4.94	0.00879685
-4.93	0.0176544
-4.92	0.0256412
-4.91	0.0327989
-4.9	0.0391683
-4.89	0.0447884
-4.88	0.0496975
-4.87	0.0539323
-4.86	0.0575288
-4.85	0.0605213
-4.84	0.0629434
-4.83	0.0648275
-4.82	0.0662048
-4.81	0.0671058
-4.8	0.0675595
-4.79	0.0675942
-4.78	0.0672373
-4.77	0.0665151
-4.76	0.0654529
-4.75	0.0640752
-4.74	0.0624056
-4.73	0.0604668
-4.72	0.0582808
-4.71	0.0558685
-4.7	0.0532502
-4.69	0.0504453
-4.68	0.0474725
-4.67	0.0443497
-4.66	0.0410942
-4.65	0.0377223
-4.64	0.0342499
-4.63	0.0306921
-4.62	0.0270633
-4.61	0.0233773
-4.6	0.0196472
-4.59	0.0158856
-4.58	0.0121045
-4.57	0.00831516
-4.56	0.00452849
-4.55	0.000754695
-4.54	-0.00299649
-4.53	-0.00671587
-4.52	-0.0103947
-4.51	-0.0140249
-4.5	-0.0175986
-4.49	-0.0211087
-4.48	-0.0245482
-4.47	-0.0279108
-4.46	-0.0311906
-4.45	-0.034382
-4.44	-0.0374799
-4.43	-0.0404794
-4.42	-0.0433764
-4.41	-0.0461666
-4.4	-0.0488465
-4.39	-0.0514127
-4.38	-0.0538622
-4.37	-0.0561923
-4.36	-0.0584007
-4.35	-0.0604852
-4.34	-0.0624441
-4.33	-0.0642759
-4.32	-0.0659793
-4.31	-0.0675533
-4.3	-0.0689971
-4.29	-0.0703103
-4.28	-0.0714926
-4.27	-0.0725438
-4.26	-0.0734641
-4.25	-0.074254
-4.24	-0.0749138
-4.23	-0.0754444
-4.22	-0.0758467
-4.21	-0.0761217
-4.2	-0.0762706
-4.19	-0.0762949
-4.18	-0.0761961
-4.17	-0.0759758
-4.16	-0.0756359
-4.15	-0.0751783
-4.14	-0.0746051
-4.13	-0.0739185
-4.12	-0.0731206
-4.11	-0.0722139
-4.1	-0.0712009
-4.09	-0.0700841
-4.08	-0.0688662
-4.07	-0.0675499
-4.06	-0.0661379
-4.05	-0.0646332
-4.04	-0.0630386
-4.03	-0.0613571
-4.02	-0.0595919
-4.01	-0.0577458
-4	-0.0558221
-3.99	-0.0538239
-3.98	-0.0517543
-3.97	-0.0496167
-3.96	-0.0474142
-3.95	-0.0451501
-3.94	-0.0428276
-3.93	-0.0404502
-3.92	-0.0380209
-3.91	-0.0355433
-3.9	-0.0330205
-3.89	-0.0304558
-3.88	-0.0278527
-3.87	-0.0252142
-3.86	-0.0225438
-3.85	-0.0198447
-3.84	-0.0171202
-3.83	-0.0143734
-3.82	-0.0116076
-3.81	-0.00882601
-3.8	-0.0060317
-3.79	-0.00322783
-3.78	-0.000417507
-3.77	0.00239622
-3.76	0.00521033
-3.75	0.00802182
-3.74	0.0108278
-3.73	0.0136253
-3.72	0.0164114
-3.71	0.0191835
-3.7	0.0219386
-3.69	0.0246741
-3.68	0.0273874
-3.67	0.0300757
-3.66	0.0327366
-3.65	0.0353675
-3.64	0.037966
-3.63	0.0405296
-3.62	0.043056
-3.61	0.045543
-3.6	0.0479884
-3.59	0.0503898
-3.58	0.0527454
-3.57	0.0550529
-3.56	0.0573105
-3.55	0.0595161
-3.54	0.0616681
-3.53	0.0637645
-3.52	0.0658037
-3.51	0.0677839
-3.5	0.0697037
-3.49	0.0715614
-3.48	0.0733556
-3.47	0.0750849
-3.46	0.076748
-3.45	0.0783436
-3.44	0.0798705
-3.43	0.0813276
-3.42	0.0827139
-3.41	0.0840282
-3.4	0.0852697
-3.39	0.0864375
-3.38	0.0875309
-3.37	0.088549
-3.36	0.0894912
-3.35	0.090357
-3.34	0.0911457
-3.33	0.0918568
-3.32	0.0924901
-3.31	0.0930451
-3.3	0.0935215
-3.29	0.0939191
-3.28	0.0942378
-3.27	0.0944774
-3.26	0.094638
-3.25	0.0947195
-3.24	0.094722
-3.23	0.0946456
-3.22	0.0944907
-3.21	0.0942573
-3.2	0.0939459
-3.19	0.0935569
-3.18	0.0930905
-3.17	0.0925474
-3.16	0.091928
-3.15	0.0912329
-3.14	0.0904629
-3.13	0.0896185
-3.12	0.0887005
-3.11	0.0877098
-3.1	0.0866471
-3.09	0.0855134
-3.08	0.0843096
-3.07	0.0830366
-3.06	0.0816956
-3.05	0.0802875
-3.04	0.0788135
-3.03	0.0772748
-3.02	0.0756726
-3.01	0.0740081
-3	0.0722826
-2.99	0.0704974
-2.98	0.0686538
-2.97	0.0667534
-2.96	0.0647974
-2.95	0.0627874
-2.94	0.0607249
-2.93	0.0586113
-2.92	0.0564484
-2.91	0.0542376
-2.9	0.0519805
-2.89	0.0496789
-2.88	0.0473344
-2.87	0.0449487
-2.86	0.0425235
-2.85	0.0400607
-2.84	0.0375618
-2.83	0.0350289
-2.82	0.0324637
-2.81	0.029868
-2.8	0.0272436
-2.79	0.0245925
-2.78	0.0219166
-2.77	0.0192178
-2.76	0.0164979
-2.75	0.0137589
-2.74	0.0110028
-2.73	0.00823159
-2.72	0.00544713
-2.71	0.00265146
-2.7	-0.000153439
-2.69	-0.00296557
-2.68	-0.00578293
-2.67	-0.00860351
-2.66	-0.0114253
-2.65	-0.0142463
-2.64	-0.0170644
-2.63	-0.0198777
-2.62	-0.0226841
-2.61	-0.0254816
-2.6	-0.0282683
-2.59	-0.0310419
-2.58	-0.0338007
-2.57	-0.0365424
-2.56	-0.0392652
-2.55	-0.0419671
-2.54	-0.0446459
-2.53	-0.0472998
-2.52	-0.0499268
-2.51	-0.052525
-2.5	-0.0550922
-2.49	-0.0576267
-2.48	-0.0601264
-2.47	-0.0625894
-2.46	-0.0650139
-2.45	-0.0673979
-2.44	-0.0697396
-2.43	-0.0720371
-2.42	-0.0742885
-2.41	-0.076492
-2.4	-0.0786458
-2.39	-0.0807481
-2.38	-0.0827971
-2.37	-0.0847911
-2.36	-0.0867283
-2.35	-0.088607
-2.34	-0.0904256
-2.33	-0.0921823
-2.32	-0.0938756
-2.31	-0.0955037
-2.3	-0.0970651
-2.29	-0.0985582
-2.28	-0.0999816
-2.27	-0.101334
-2.26	-0.102613
-2.25	-0.103817
-2.24	-0.104947
-2.23	-0.105998
-2.22	-0.106972
-2.21	-0.107865
-2.2	-0.108678
-2.19	-0.109407
-2.18	-0.110053
-2.17	-0.110614
-2.16	-0.111089
-2.15	-0.111477
-2.14	-0.111776
-2.13	-0.111985
-2.12	-0.112104
-2.11	-0.112131
-2.1	-0.112065
-2.09	-0.111906
-2.08	-0.111652
-2.07	-0.111303
-2.06	-0.110857
-2.05	-0.110314
-2.04	-0.109673
-2.03	-0.108933
-2.02	-0.108094
-2.01	-0.107155
-2	-0.106114
-1.99	-0.104973
-1.98	-0.103729
-1.97	-0.102383
-1.96	-0.100934
-1.95	-0.0993815
-1.94	-0.097725
-1.93	-0.0959641
-1.92	-0.0940986
-1.91	-0.092128
-1.9	-0.0900522
-1.89	-0.0878709
-1.88	-0.0855839
-1.87	-0.083191
-1.86	-0.080692
-1.85	-0.078087
-1.84	-0.0753757
-1.83	-0.0725583
-1.82	-0.0696348
-1.81	-0.0666051
-1.8	-0.0634694
-1.79	-0.0602279
-1.78	-0.0568806
-1.77	-0.0534278
-1.76	-0.0498698
-1.75	-0.0462067
-1.74	-0.042439
-1.73	-0.038567
-1.72	-0.0345911
-1.71	-0.0305116
-1.7	-0.0263292
-1.69	-0.0220441
-1.68	-0.0176571
-1.67	-0.0131686
-1.66	-0.00857931
-1.65	-0.00388978
-1.64	0.000899269
-1.63	0.00578715
-1.62	0.0107731
-1.61	0.0158564
-1.6	0.0210361
-1.59	0.0263116
-1.58	0.0316818
-1.57	0.0371459
-1.56	0.0427029
-1.55	0.0483519
-1.54	0.0540918
-1.53	0.0599217
-1.52	0.0658404
-1.51	0.0718469
-1.5	0.0779401
-1.49	0.0841187
-1.48	0.0903816
-1.47	0.0967276
-1.46	0.103155
-1.45	0.109664
-1.44	0.116252
-1.43	0.122917
-1.42	0.129659
-1.41	0.136477
-1.4	0.143368
-1.39	0.150332
-1.38	0.157366
-1.37	0.16447
-1.36	0.171642
-1.35	0.17888
-1.34	0.186183
-1.33	0.193549
-1.32	0.200977
-1.31	0.208465
-1.3	0.216012
-1.29	0.223615
-1.28	0.231273
-1.27	0.238985
-1.26	0.246748
-1.25	0.254561
-1.24	0.262423
-1.23	0.27033
-1.22	0.278283
-1.21	0.286278
-1.2	0.294314
-1.19	0.302389
-1.18	0.310501
-1.17	0.318649
-1.16	0.32683
-1.15	0.335043
-1.14	0.343285
-1.13	0.351556
-1.12	0.359852
-1.11	0.368172
-1.1	0.376514
-1.09	0.384876
-1.08	0.393256
-1.07	0.401652
-1.06	0.410062
-1.05	0.418484
-1.04	0.426916
-1.03	0.435357
-1.02	0.443803
-1.01	0.452253
-1	0.460705
-0.99	0.469158
-0.98	0.477608
-0.97	0.486054
-0.96	0.494494
-0.95	0.502926
-0.94	0.511347
-0.93	0.519756
-0.92	0.528151
-0.91	0.53653
-0.9	0.544891
-0.89	0.553231
-0.88	0.561548
-0.87	0.569841
-0.86	0.578108
-0.85	0.586346
-0.84	0.594554
-0.83	0.602729
-0.82	0.610869
-0.81	0.618973
-0.8	0.627039
-0.79	0.635064
-0.78	0.643047
-0.77	0.650985
-0.76	0.658877
-0.75	0.66672
-0.74	0.674514
-0.73	0.682255
-0.72	0.689942
-0.71	0.697573
-0.7	0.705146
-0.69	0.71266
-0.68	0.720111
-0.67	0.7275
-0.66	0.734823
-0.65	0.742079
-0.64	0.749266
-0.63	0.756382
-0.62	0.763426
-0.61	0.770396
-0.6	0.777289
-0.59	0.784105
-0.58	0.790842
-0.57	0.797498
-0.56	0.804071
-0.55	0.810559
-0.54	0.816962
-0.53	0.823277
-0.52	0.829503
-0.51	0.835639
-0.5	0.841682
-0.49	0.847631
-0.48	0.853485
-0.47	0.859243
-0.46	0.864902
-0.45	0.870462
-0.44	0.875921
-0.43	0.881278
-0.42	0.886531
-0.41	0.891679
-0.4	0.89672
-0.39	0.901655
-0.38	0.90648
-0.37	0.911196
-0.36	0.915801
-0.35	0.920293
-0.34	0.924672
-0.33	0.928936
-0.32	0.933085
-0.31	0.937117
-0.3	0.941031
-0.29	0.944827
-0.28	0.948503
-0.27	0.952059
-0.26	0.955494
-0.25	0.958806
-0.24	0.961995
-0.23	0.96506
-0.22	0.968001
-0.21	0.970816
-0.2	0.973505
-0.19	0.976067
-0.18	0.978502
-0.17	0.980809
-0.16	0.982987
-0.15	0.985036
-0.14	0.986955
-0.13	0.988745
-0.12	0.990403
-0.11	0.991931
-0.1	0.993327
-0.09	0.994591
-0.08	0.995724
-0.07	0.996724
-0.06	0.997591
-0.05	0.998325
-0.04	0.998927
-0.03	0.999395
-0.02	0.99973
-0.01	0.999932
0	1
0.01	0.999935
0.02	0.999736
0.03	0.999404
0.04	0.998939
0.05	0.99834
0.06	0.997609
0.07	0.996744
0.08	0.995747
0.09	0.994618
0.1	0.993356
0.11	0.991963
0.12	0.990439
0.13	0.988783
0.14	0.986997
0.15	0.98508
0.16	0.983034
0.17	0.980859
0.18	0.978555
0.19	0.976123
0.2	0.973563
0.21	0.970877
0.22	0.968064
0.23	0.965127
0.24	0.962064
0.25	0.958878
0.26	0.955568
0.27	0.952137
0.28	0.948584
0.29	0.94491
0.3	0.941117
0.31	0.937205
0.32	0.933175
0.33	0.929029
0.34	0.924767
0.35	0.920391
0.36	0.915901
0.37	0.911299
0.38	0.906586
0.39	0.901763
0.4	0.896831
0.41	0.891791
0.42	0.886646
0.43	0.881395
0.44	0.87604
0.45	0.870584
0.46	0.865026
0.47	0.859369
0.48	0.853613
0.49	0.847761
0.5	0.841814
0.51	0.835773
0.52	0.829639
0.53	0.823415
0.54	0.817102
0.55	0.810701
0.56	0.804214
0.57	0.797643
0.58	0.790989
0.59	0.784254
0.6	0.77744
0.61	0.770548
0.62	0.76358
0.63	0.756537
0.64	0.749423
0.65	0.742237
0.66	0.734982
0.67	0.727661
0.68	0.720274
0.69	0.712823
0.7	0.705311
0.71	0.697739
0.72	0.690109
0.73	0.682423
0.74	0.674683
0.75	0.666891
0.76	0.659048
0.77	0.651157
0.78	0.64322
0.79	0.635238
0.8	0.627214
0.81	0.619149
0.82	0.611045
0.83	0.602905
0.84	0.594731
0.85	0.586524
0.86	0.578286
0.87	0.57002
0.88	0.561727
0.89	0.55341
0.9	0.54507
0.91	0.53671
0.92	0.528332
0.93	0.519937
0.94	0.511527
0.95	0.503106
0.96	0.494674
0.97	0.486234
0.98	0.477788
0.99	0.469338
1	0.460885
1.01	0.452433
1.02	0.443982
1.03	0.435536
1.04	0.427095
1.05	0.418662
1.06	0.41024
1.07	0.401829
1.08	0.393433
1.09	0.385052
1.1	0.376689
1.11	0.368347
1.12	0.360026
1.13	0.351729
1.14	0.343458
1.15	0.335214
1.16	0.327
1.17	0.318818
1.18	0.310669
1.19	0.302556
1.2	0.29448
1.21	0.286443
1.22	0.278446
1.23	0.270493
1.24	0.262584
1.25	0.254721
1.26	0.246907
1.27	0.239142
1.28	0.231429
1.29	0.223769
1.3	0.216164
1.31	0.208616
1.32	0.201127
1.33	0.193697
1.34	0.186329
1.35	0.179024
1.36	0.171784
1.37	0.16461
1.38	0.157505
1.39	0.150468
1.4	0.143503
1.41	0.136609
1.42	0.12979
1.43	0.123046
1.44	0.116378
1.45	0.109788
1.46	0.103278
1.47	0.0968479
1.48	0.0904997
1.49	0.0842346
1.5	0.0780537
1.51	0.0719583
1.52	0.0659495
1.53	0.0600285
1.54	0.0541963
1.55	0.048454
1.56	0.0428026
1.57	0.0372431
1.58	0.0317766
1.59	0.026404
1.6	0.021126
1.61	0.0159438
1.62	0.010858
1.63	0.0058695
1.64	0.000979075
1.65	-0.00381255
1.66	-0.00850465
1.67	-0.0130966
1.68	-0.0175877
1.69	-0.0219773
1.7	-0.026265
1.71	-0.0304501
1.72	-0.0345322
1.73	-0.0385108
1.74	-0.0423855
1.75	-0.0461559
1.76	-0.0498216
1.77	-0.0533824
1.78	-0.0568378
1.79	-0.0601878
1.8	-0.0634321
1.81	-0.0665705
1.82	-0.0696029
1.83	-0.0725292
1.84	-0.0753493
1.85	-0.0780632
1.86	-0.080671
1.87	-0.0831726
1.88	-0.0855682
1.89	-0.087858
1.9	-0.090042
1.91	-0.0921205
1.92	-0.0940937
1.93	-0.0959619
1.94	-0.0977254
1.95	-0.0993846
1.96	-0.10094
1.97	-0.102392
1.98	-0.10374
1.99	-0.104986
2	-0.10613
2.01	-0.107173
2.02	-0.108115
2.03	-0.108957
2.04	-0.109699
2.05	-0.110342
2.06	-0.110888
2.07	-0.111336
2.08	-0.111688
2.09	-0.111944
2.1	-0.112106
2.11	-0.112174
2.12	-0.112149
2.13	-0.112033
2.14	-0.111826
2.15	-0.111529
2.16	-0.111144
2.17	-0.110671
2.18	-0.110112
2.19	-0.109468
2.2	-0.108741
2.21	-0.10793
2.22	-0.107039
2.23	-0.106068
2.24	-0.105018
2.25	-0.10389
2.26	-0.102687
2.27	-0.10141
2.28	-0.10006
2.29	-0.0986384
2.3	-0.097147
2.31	-0.0955872
2.32	-0.0939607
2.33	-0.0922691
2.34	-0.0905139
2.35	-0.0886968
2.36	-0.0868195
2.37	-0.0848837
2.38	-0.0828911
2.39	-0.0808434
2.4	-0.0787424
2.41	-0.0765898
2.42	-0.0743874
2.43	-0.0721372
2.44	-0.0698408
2.45	-0.0675001
2.46	-0.0651171
2.47	-0.0626935
2.48	-0.0602314
2.49	-0.0577325
2.5	-0.0551988
2.51	-0.0526323
2.52	-0.0500348
2.53	-0.0474085
2.54	-0.0447551
2.55	-0.0420767
2.56	-0.0393754
2.57	-0.036653
2.58	-0.0339116
2.59	-0.0311531
2.6	-0.0283797
2.61	-0.0255933
2.62	-0.0227959
2.63	-0.0199896
2.64	-0.0171763
2.65	-0.0143581
2.66	-0.0115371
2.67	-0.00871515
2.68	-0.00589438
2.69	-0.00307677
2.7	-0.000264342
2.71	0.00254091
2.72	0.005337
2.73	0.00812191
2.74	0.0108937
2.75	0.0136503
2.76	0.0163899
2.77	0.0191105
2.78	0.0218101
2.79	0.0244868
2.8	0.0271387
2.81	0.0297639
2.82	0.0323606
2.83	0.0349268
2.84	0.0374608
2.85	0.0399607
2.86	0.0424247
2.87	0.0448511
2.88	0.047238
2.89	0.0495838
2.9	0.0518868
2.91	0.0541452
2.92	0.0563575
2.93	0.058522
2.94	0.060637
2.95	0.0627011
2.96	0.0647128
2.97	0.0666704
2.98	0.0685726
2.99	0.0704179
3	0.0722049
3.01	0.0739322
3.02	0.0755986
3.03	0.0772027
3.04	0.0787434
3.05	0.0802193
3.06	0.0816294
3.07	0.0829725
3.08	0.0842476
3.09	0.0854535
3.1	0.0865894
3.11	0.0876543
3.12	0.0886472
3.13	0.0895674
3.14	0.0904141
3.15	0.0911864
3.16	0.0918838
3.17	0.0925055
3.18	0.093051
3.19	0.0935198
3.2	0.0939113
3.21	0.0942251
3.22	0.0944609
3.23	0.0946183
3.24	0.0946971
3.25	0.0946971
3.26	0.0946181
3.27	0.0944601
3.28	0.0942229
3.29	0.0939068
3.3	0.0935117
3.31	0.0930378
3.32	0.0924854
3.33	0.0918547
3.34	0.091146
3.35	0.0903599
3.36	0.0894967
3.37	0.088557
3.38	0.0875414
3.39	0.0864505
3.4	0.0852852
3.41	0.0840462
3.42	0.0827343
3.43	0.0813505
3.44	0.0798959
3.45	0.0783714
3.46	0.0767781
3.47	0.0751174
3.48	0.0733905
3.49	0.0715986
3.5	0.0697431
3.51	0.0678257
3.52	0.0658476
3.53	0.0638107
3.54	0.0617164
3.55	0.0595666
3.56	0.057363
3.57	0.0551075
3.58	0.052802
3.59	0.0504484
3.6	0.0480489
3.61	0.0456054
3.62	0.0431203
3.63	0.0405956
3.64	0.0380337
3.65	0.0354369
3.66	0.0328076
3.67	0.0301483
3.68	0.0274614
3.69	0.0247496
3.7	0.0220155
3.71	0.0192616
3.72	0.0164908
3.73	0.0137059
3.74	0.0109095
3.75	0.00810457
3.76	0.00529404
3.77	0.00248083
3.78	-0.000332074
3.79	-0.00314165
3.8	-0.00594484
3.81	-0.00873856
3.82	-0.0115197
3.83	-0.014285
3.84	-0.0170315
3.85	-0.0197557
3.86	-0.0224546
3.87	-0.0251249
3.88	-0.0277633
3.89	-0.0303666
3.9	-0.0329314
3.91	-0.0354544
3.92	-0.0379324
3.93	-0.0403621
3.94	-0.0427401
3.95	-0.0450631
3.96	-0.0473279
3.97	-0.0495312
3.98	-0.0516697
3.99	-0.0537402
4	-0.0557395
4.01	-0.0576644
4.02	-0.0595117
4.03	-0.0612783
4.04	-0.0629612
4.05	-0.0645573
4.06	-0.0660636
4.07	-0.0674773
4.08	-0.0687954
4.09	-0.0700152
4.1	-0.071134
4.11	-0.072149
4.12	-0.0730578
4.13	-0.0738579
4.14	-0.0745469
4.15	-0.0751225
4.16	-0.0755826
4.17	-0.075925
4.18	-0.0761479
4.19	-0.0762495
4.2	-0.076228
4.21	-0.0760819
4.22	-0.0758098
4.23	-0.0754106
4.24	-0.074883
4.25	-0.0742263
4.26	-0.0734396
4.27	-0.0725225
4.28	-0.0714745
4.29	-0.0702956
4.3	-0.0689858
4.31	-0.0675454
4.32	-0.0659749
4.33	-0.064275
4.34	-0.0624467
4.35	-0.0604913
4.36	-0.0584103
4.37	-0.0562055
4.38	-0.053879
4.39	-0.0514331
4.4	-0.0488705
4.41	-0.0461942
4.42	-0.0434075
4.43	-0.0405141
4.44	-0.037518
4.45	-0.0344236
4.46	-0.0312357
4.47	-0.0279593
4.48	-0.0246
4.49	-0.0211637
4.5	-0.0176569
4.51	-0.0140863
4.52	-0.0104591
4.53	-0.00678319
4.54	-0.00306663
4.55	0.000681857
4.56	0.00445307
4.57	0.00823731
4.58	0.0120243
4.59	0.0158033
4.6	0.0195629
4.61	0.0232912
4.62	0.0269757
4.63	0.0306031
4.64	0.0341598
4.65	0.0376312
4.66	0.0410024
4.67	0.0442575
4.68	0.0473801
4.69	0.0503531
4.7	0.0531584
4.71	0.0557774
4.72	0.0581908
4.73	0.0603783
4.74	0.0623188
4.75	0.0639906
4.76	0.0653708
4.77	0.066436
4.78	0.0671616
4.79	0.0675224
4.8	0.067492
4.81	0.0670431
4.82	0.0661475
4.83	0.064776
4.84	0.0628983
4.85	0.0604832
4.86	0.0574982
4.87	0.05391
4.88	0.049684
4.89	0.0447844
4.9	0.0391744
4.91	0.032816
4.92	0.0256699
4.93	0.0176955
4.94	0.0088511
4.95	-0.000906358
4.96	-0.0116213
4.97	-0.0233394
4.98	-0.0361079
4.99	-0.0499753
5	-0.0649914

 
-5	-0.00535325
-4.99	-0.00285228
-4.98	-0.000755394
-4.97	0.000975308
-4.96	0.00237531
-4.95	0.0034778
-4.94	0.00431377
-4.93	0.00491211
-4.92	0.00529974
-4.91	0.00550168
-4.9	0.00554114
-4.89	0.00543965
-4.88	0.00521709
-4.87	0.00489181
-4.86	0.00448073
-4.85	0.00399935
-4.84	0.00346188
-4.83	0.0028813
-4.82	0.00226943
-4.81	0.00163698
-4.8	0.000993616
-4.79	0.000348045
-4.78	-0.000291952
-4.77	-0.000919455
-4.76	-0.00152835
-4.75	-0.00211329
-4.74	-0.00266961
-4.73	-0.00319335
-4.72	-0.00368112
-4.71	-0.00413013
-4.7	-0.00453812
-4.69	-0.00490332
-4.68	-0.00522443
-4.67	-0.00550054
-4.66	-0.00573116
-4.65	-0.00591613
-4.64	-0.00605564
-4.63	-0.00615016
-4.62	-0.00620042
-4.61	-0.00620741
-4.6	-0.00617233
-4.59	-0.00609658
-4.58	-0.00598171
-4.57	-0.00582945
-4.56	-0.00564164
-4.55	-0.00542024
-4.54	-0.0051673
-4.53	-0.00488497
-4.52	-0.00457542
-4.51	-0.00424091
-4.5	-0.00388372
-4.49	-0.00350614
-4.48	-0.00311049
-4.47	-0.00269907
-4.46	-0.0022742
-4.45	-0.00183814
-4.44	-0.00139315
-4.43	-0.000941448
-4.42	-0.000485203
-4.41	-2.65357e-05
-4.4	0.00043249
-4.39	0.000889871
-4.38	0.00134367
-4.37	0.00179203
-4.36	0.00223315
-4.35	0.00266533
-4.34	0.00308694
-4.33	0.00349642
-4.32	0.00389233
-4.31	0.00427328
-4.3	0.004638
-4.29	0.00498529
-4.28	0.00531406
-4.27	0.00562327
-4.26	0.00591203
-4.25	0.00617949
-4.24	0.00642491
-4.23	0.00664765
-4.22	0.00684715
-4.21	0.00702291
-4.2	0.00717457
-4.19	0.00730181
-4.18	0.00740441
-4.17	0.00748223
-4.16	0.00753521
-4.15	0.00756336
-4.14	0.00756677
-4.13	0.0075456
-4.12	0.00750008
-4.11	0.00743052
-4.1	0.00733726
-4.09	0.00722074
-4.08	0.00708143
-4.07	0.00691988
-4.06	0.00673668
-4.05	0.00653248
-4.04	0.00630796
-4.03	0.00606385
-4.02	0.00580095
-4.01	0.00552006
-4	0.00522203
-3.99	0.00490777
-3.98	0.00457817
-3.97	0.00423419
-3.96	0.00387679
-3.95	0.00350696
-3.94	0.00312573
-3.93	0.0027341
-3.92	0.00233313
-3.91	0.00192387
-3.9	0.00150736
-3.89	0.00108469
-3.88	0.000656918
-3.87	0.000225115
-3.86	-0.000209647
-3.85	-0.000646304
-3.84	-0.0010838
-3.83	-0.00152107
-3.82	-0.00195709
-3.81	-0.00239081
-3.8	-0.00282124
-3.79	-0.00324736
-3.78	-0.00366819
-3.77	-0.00408278
-3.76	-0.00449018
-3.75	-0.00488947
-3.74	-0.00527976
-3.73	-0.00566018
-3.72	-0.00602989
-3.71	-0.00638807
-3.7	-0.00673395
-3.69	-0.00706677
-3.68	-0.00738581
-3.67	-0.00769038
-3.66	-0.00797982
-3.65	-0.00825352
-3.64	-0.00851089
-3.63	-0.00875138
-3.62	-0.00897448
-3.61	-0.00917971
-3.6	-0.00936664
-3.59	-0.00953485
-3.58	-0.009684
-3.57	-0.00981374
-3.56	-0.00992381
-3.55	-0.0100139
-3.54	-0.0100839
-3.53	-0.0101336
-3.52	-0.0101629
-3.51	-0.0101716
-3.5	-0.0101597
-3.49	-0.0101272
-3.48	-0.0100741
-3.47	-0.0100005
-3.46	-0.00990643
-3.45	-0.00979207
-3.44	-0.00965756
-3.43	-0.00950311
-3.42	-0.00932896
-3.41	-0.00913537
-3.4	-0.00892264
-3.39	-0.00869112
-3.38	-0.00844116
-3.37	-0.00817317
-3.36	-0.00788757
-3.35	-0.00758483
-3.34	-0.00726541
-3.33	-0.00692985
-3.32	-0.00657866
-3.31	-0.00621243
-3.3	-0.00583172
-3.29	-0.00543717
-3.28	-0.00502939
-3.27	-0.00460904
-3.26	-0.00417679
-3.25	-0.00373333
-3.24	-0.00327938
-3.23	-0.00281565
-3.22	-0.00234289
-3.21	-0.00186185
-3.2	-0.0013733
-3.19	-0.000878001
-3.18	-0.000376756
-3.17	0.000129642
-3.16	0.000640392
-3.15	0.00115468
-3.14	0.0016717
-3.13	0.00219062
-3.12	0.00271063
-3.11	0.0032309
-3.1	0.00375061
-3.09	0.00426893
-3.08	0.00478505
-3.07	0.00529815
-3.06	0.00580742
-3.05	0.00631206
-3.04	0.00681125
-3.03	0.00730423
-3.02	0.00779019
-3.01	0.00826838
-3	0.00873803
-2.99	0.00919839
-2.98	0.00964874
-2.97	0.0100884
-2.96	0.0105165
-2.95	0.0109326
-2.94	0.0113359
-2.93	0.0117257
-2.92	0.0121015
-2.91	0.0124627
-2.9	0.0128085
-2.89	0.0131386
-2.88	0.0134523
-2.87	0.0137491
-2.86	0.0140286
-2.85	0.0142902
-2.84	0.0145336
-2.83	0.0147583
-2.82	0.014964
-2.81	0.0151502
-2.8	0.0153167
-2.79	0.0154632
-2.78	0.0155895
-2.77	0.0156951
-2.76	0.0157801
-2.75	0.0158442
-2.74	0.0158872
-2.73	0.0159092
-2.72	0.0159099
-2.71	0.0158894
-2.7	0.0158476
-2.69	0.0157846
-2.68	0.0157005
-2.67	0.0155953
-2.66	0.0154692
-2.65	0.0153223
-2.64	0.0151549
-2.63	0.0149672
-2.62	0.0147595
-2.61	0.0145321
-2.6	0.0142852
-2.59	0.0140194
-2.58	0.013735
-2.57	0.0134324
-2.56	0.0131122
-2.55	0.0127749
-2.54	0.012421
-2.53	0.0120511
-2.52	0.0116658
-2.51	0.0112658
-2.5	0.0108518
-2.49	0.0104244
-2.48	0.00998454
-2.47	0.00953287
-2.46	0.00907024
-2.45	0.0085975
-2.44	0.00811553
-2.43	0.00762524
-2.42	0.00712756
-2.41	0.00662347
-2.4	0.00611396
-2.39	0.00560006
-2.38	0.0050828
-2.37	0.00456328
-2.36	0.0040426
-2.35	0.00352188
-2.34	0.00300228
-2.33	0.00248497
-2.32	0.00197116
-2.31	0.00146207
-2.3	0.000958932
-2.29	0.000463024
-2.28	-2.43765e-05
-2.27	-0.000501965
-2.26	-0.000968422
-2.25	-0.00142241
-2.24	-0.00186257
-2.23	-0.00228754
-2.22	-0.00269594
-2.21	-0.00308635
-2.2	-0.00345739
-2.19	-0.00380762
-2.18	-0.00413561
-2.17	-0.00443993
-2.16	-0.00471912
-2.15	-0.00497173
-2.14	-0.00519628
-2.13	-0.00539132
-2.12	-0.00555537
-2.11	-0.00568695
-2.1	-0.00578457
-2.09	-0.00584677
-2.08	-0.00587206
-2.07	-0.00585895
-2.06	-0.00580597
-2.05	-0.00571164
-2.04	-0.00557448
-2.03	-0.00539304
-2.02	-0.00516584
-2.01	-0.00489144
-2	-0.00456838
-1.99	-0.00419523
-1.98	-0.00377055
-1.97	-0.00329294
-1.96	-0.00276098
-1.95	-0.00217329
-1.94	-0.00152848
-1.93	-0.000825201
-1.92	-6.20941e-05
-1.91	0.000762166
-1.9	0.00164889
-1.89	0.00259937
-1.88	0.00361488
-1.87	0.00469668
-1.86	0.00584598
-1.85	0.007064
-1.84	0.00835192
-1.83	0.0097109
-1.82	0.0111421
-1.81	0.0126465
-1.8	0.0142254
-1.79	0.0158796
-1.78	0.0176104
-1.77	0.0194185
-1.76	0.0213051
-1.75	0.023271
-1.74	0.0253171
-1.73	0.0274443
-1.72	0.0296535
-1.71	0.0319453
-1.7	0.0343207
-1.69	0.0367803
-1.68	0.0393247
-1.67	0.0419548
-1.66	0.0446709
-1.65	0.0474739
-1.64	0.0503641
-1.63	0.0533421
-1.62	0.0564084
-1.61	0.0595633
-1.6	0.0628072
-1.59	0.0661405
-1.58	0.0695635
-1.57	0.0730765
-1.56	0.0766795
-1.55	0.0803728
-1.54	0.0841566
-1.53	0.0880309
-1.52	0.0919957
-1.51	0.096051
-1.5	0.100197
-1.49	0.104433
-1.48	0.108759
-1.47	0.113176
-1.46	0.117682
-1.45	0.122278
-1.44	0.126963
-1.43	0.131737
-1.42	0.136599
-1.41	0.141549
-1.4	0.146587
-1.39	0.151712
-1.38	0.156923
-1.37	0.162219
-1.36	0.167601
-1.35	0.173067
-1.34	0.178616
-1.33	0.184248
-1.32	0.189962
-1.31	0.195756
-1.3	0.201631
-1.29	0.207584
-1.28	0.213615
-1.27	0.219723
-1.26	0.225907
-1.25	0.232165
-1.24	0.238496
-1.23	0.2449
-1.22	0.251374
-1.21	0.257917
-1.2	0.264528
-1.19	0.271206
-1.18	0.277948
-1.17	0.284755
-1.16	0.291623
-1.15	0.298552
-1.14	0.305539
-1.13	0.312584
-1.12	0.319684
-1.11	0.326838
-1.1	0.334044
-1.09	0.3413
-1.08	0.348604
-1.07	0.355955
-1.06	0.36335
-1.05	0.370788
-1.04	0.378267
-1.03	0.385784
-1.02	0.393339
-1.01	0.400927
-1	0.408549
-0.99	0.416201
-0.98	0.423881
-0.97	0.431587
-0.96	0.439318
-0.95	0.44707
-0.94	0.454842
-0.93	0.462631
-0.92	0.470436
-0.91	0.478253
-0.9	0.486081
-0.89	0.493917
-0.88	0.501759
-0.87	0.509605
-0.86	0.517451
-0.85	0.525297
-0.84	0.533139
-0.83	0.540975
-0.82	0.548803
-0.81	0.55662
-0.8	0.564424
-0.79	0.572213
-0.78	0.579983
-0.77	0.587733
-0.76	0.59546
-0.75	0.603161
-0.74	0.610835
-0.73	0.618478
-0.72	0.626089
-0.71	0.633665
-0.7	0.641203
-0.69	0.648701
-0.68	0.656156
-0.67	0.663567
-0.66	0.67093
-0.65	0.678243
-0.64	0.685505
-0.63	0.692712
-0.62	0.699862
-0.61	0.706952
-0.6	0.713981
-0.59	0.720946
-0.58	0.727845
-0.57	0.734675
-0.56	0.741434
-0.55	0.74812
-0.54	0.754731
-0.53	0.761264
-0.52	0.767716
-0.51	0.774087
-0.5	0.780374
-0.49	0.786574
-0.48	0.792686
-0.47	0.798707
-0.46	0.804635
-0.45	0.810468
-0.44	0.816205
-0.43	0.821843
-0.42	0.827381
-0.41	0.832816
-0.4	0.838146
-0.39	0.843371
-0.38	0.848487
-0.37	0.853493
-0.36	0.858388
-0.35	0.863169
-0.34	0.867835
-0.33	0.872385
-0.32	0.876816
-0.31	0.881128
-0.3	0.885318
-0.29	0.889386
-0.28	0.893329
-0.27	0.897147
-0.26	0.900838
-0.25	0.9044
-0.24	0.907833
-0.23	0.911136
-0.22	0.914306
-0.21	0.917344
-0.2	0.920248
-0.19	0.923016
-0.18	0.925649
-0.17	0.928144
-0.16	0.930501
-0.15	0.93272
-0.14	0.9348
-0.13	0.936739
-0.12	0.938537
-0.11	0.940193
-0.1	0.941708
-0.09	0.94308
-0.08	0.944308
-0.07	0.945393
-0.06	0.946334
-0.05	0.94713
-0.04	0.947782
-0.03	0.948289
-0.02	0.948651
-0.01	0.948868
0	0.94894
0.01	0.948866
0.02	0.948647
0.03	0.948283
0.04	0.947774
0.05	0.94712
0.06	0.946322
0.07	0.945379
0.08	0.944292
0.09	0.943061
0.1	0.941688
0.11	0.940171
0.12	0.938513
0.13	0.936713
0.14	0.934772
0.15	0.932691
0.16	0.93047
0.17	0.928111
0.18	0.925613
0.19	0.922979
0.2	0.920209
0.21	0.917304
0.22	0.914264
0.23	0.911092
0.24	0.907788
0.25	0.904353
0.26	0.900789
0.27	0.897097
0.28	0.893278
0.29	0.889333
0.3	0.885264
0.31	0.881072
0.32	0.876759
0.33	0.872327
0.34	0.867776
0.35	0.863108
0.36	0.858326
0.37	0.85343
0.38	0.848423
0.39	0.843306
0.4	0.838081
0.41	0.83275
0.42	0.827314
0.43	0.821775
0.44	0.816137
0.45	0.810399
0.46	0.804565
0.47	0.798636
0.48	0.792614
0.49	0.786502
0.5	0.780302
0.51	0.774015
0.52	0.767644
0.53	0.761191
0.54	0.754658
0.55	0.748047
0.56	0.741361
0.57	0.734602
0.58	0.727772
0.59	0.720873
0.6	0.713908
0.61	0.70688
0.62	0.699789
0.63	0.69264
0.64	0.685433
0.65	0.678172
0.66	0.670859
0.67	0.663497
0.68	0.656087
0.69	0.648632
0.7	0.641134
0.71	0.633597
0.72	0.626022
0.73	0.618413
0.74	0.61077
0.75	0.603097
0.76	0.595397
0.77	0.587671
0.78	0.579922
0.79	0.572153
0.8	0.564366
0.81	0.556563
0.82	0.548747
0.83	0.540921
0.84	0.533086
0.85	0.525245
0.86	0.517401
0.87	0.509556
0.88	0.501712
0.89	0.493871
0.9	0.486037
0.91	0.47821
0.92	0.470395
0.93	0.462592
0.94	0.454804
0.95	0.447034
0.96	0.439283
0.97	0.431555
0.98	0.42385
0.99	0.416172
1	0.408522
1.01	0.400902
1.02	0.393315
1.03	0.385763
1.04	0.378247
1.05	0.37077
1.06	0.363334
1.07	0.355941
1.08	0.348592
1.09	0.341289
1.1	0.334035
1.11	0.326832
1.12	0.31968
1.13	0.312581
1.14	0.305539
1.15	0.298553
1.16	0.291626
1.17	0.28476
1.18	0.277955
1.19	0.271214
1.2	0.264539
1.21	0.257929
1.22	0.251388
1.23	0.244916
1.24	0.238514
1.25	0.232185
1.26	0.225928
1.27	0.219747
1.28	0.21364
1.29	0.207611
1.3	0.201659
1.31	0.195786
1.32	0.189993
1.33	0.184281
1.34	0.178651
1.35	0.173103
1.36	0.167638
1.37	0.162258
1.38	0.156963
1.39	0.151753
1.4	0.14663
1.41	0.141593
1.42	0.136644
1.43	0.131783
1.44	0.12701
1.45	0.122326
1.46	0.117732
1.47	0.113226
1.48	0.108811
1.49	0.104485
1.5	0.10025
1.51	0.0961048
1.52	0.0920502
1.53	0.0880861
1.54	0.0842124
1.55	0.0804292
1.56	0.0767364
1.57	0.0731338
1.58	0.0696212
1.59	0.0661986
1.6	0.0628656
1.61	0.0596218
1.62	0.0564671
1.63	0.053401
1.64	0.0504231
1.65	0.0475328
1.66	0.0447299
1.67	0.0420136
1.68	0.0393834
1.69	0.0368387
1.7	0.0343789
1.71	0.0320032
1.72	0.029711
1.73	0.0275014
1.74	0.0253737
1.75	0.0233271
1.76	0.0213606
1.77	0.0194734
1.78	0.0176645
1.79	0.0159331
1.8	0.014278
1.81	0.0126984
1.82	0.011193
1.83	0.00976093
1.84	0.00840098
1.85	0.00711205
1.86	0.00589297
1.87	0.00474257
1.88	0.00365963
1.89	0.00264294
1.9	0.00169124
1.91	0.000803253
1.92	-2.23023e-05
1.93	-0.00078674
1.94	-0.00149139
1.95	-0.00213759
1.96	-0.00272671
1.97	-0.00326012
1.98	-0.00373922
1.99	-0.00416541
2	-0.00454009
2.01	-0.00486471
2.02	-0.0051407
2.03	-0.00536949
2.04	-0.00555256
2.05	-0.00569134
2.06	-0.00578733
2.07	-0.00584197
2.08	-0.00585676
2.09	-0.00583316
2.1	-0.00577265
2.11	-0.00567672
2.12	-0.00554685
2.13	-0.00538451
2.14	-0.00519118
2.15	-0.00496833
2.16	-0.00471743
2.17	-0.00443994
2.18	-0.00413732
2.19	-0.00381101
2.2	-0.00346245
2.21	-0.00309308
2.22	-0.00270431
2.23	-0.00229755
2.24	-0.0018742
2.25	-0.00143564
2.26	-0.000983229
2.27	-0.000518328
2.28	-4.22717e-05
2.29	0.000443622
2.3	0.000938051
2.31	0.00143973
2.32	0.00194741
2.33	0.00245983
2.34	0.00297578
2.35	0.00349407
2.36	0.0040135
2.37	0.00453294
2.38	0.00505126
2.39	0.00556735
2.4	0.00608013
2.41	0.00658856
2.42	0.00709162
2.43	0.00758831
2.44	0.00807766
2.45	0.00855873
2.46	0.00903063
2.47	0.00949246
2.48	0.00994339
2.49	0.0103826
2.5	0.0108093
2.51	0.0112227
2.52	0.0116222
2.53	0.012007
2.54	0.0123765
2.55	0.01273
2.56	0.0130671
2.57	0.013387
2.58	0.0136894
2.59	0.0139736
2.6	0.0142394
2.61	0.0144862
2.62	0.0147137
2.63	0.0149215
2.64	0.0151093
2.65	0.0152769
2.66	0.015424
2.67	0.0155505
2.68	0.015656
2.69	0.0157406
2.7	0.0158041
2.71	0.0158464
2.72	0.0158675
2.73	0.0158674
2.74	0.0158462
2.75	0.0158039
2.76	0.0157406
2.77	0.0156565
2.78	0.0155517
2.79	0.0154265
2.8	0.015281
2.81	0.0151155
2.82	0.0149303
2.83	0.0147258
2.84	0.0145023
2.85	0.0142601
2.86	0.0139997
2.87	0.0137215
2.88	0.013426
2.89	0.0131136
2.9	0.012785
2.91	0.0124405
2.92	0.0120808
2.93	0.0117065
2.94	0.0113181
2.95	0.0109164
2.96	0.0105018
2.97	0.0100752
2.98	0.00963712
2.99	0.00918834
3	0.00872956
3.01	0.0082615
3.02	0.00778491
3.03	0.00730055
3.04	0.00680918
3.05	0.00631158
3.06	0.00580854
3.07	0.00530086
3.08	0.00478935
3.09	0.0042748
3.1	0.00375803
3.11	0.00323987
3.12	0.00272113
3.13	0.00220263
3.14	0.0016852
3.15	0.00116964
3.16	0.000656789
3.17	0.000147446
3.18	-0.000357577
3.19	-0.000857479
3.2	-0.00135147
3.21	-0.00183875
3.22	-0.00231857
3.23	-0.00279014
3.24	-0.00325272
3.25	-0.00370558
3.26	-0.00414798
3.27	-0.00457923
3.28	-0.00499863
3.29	-0.00540551
3.3	-0.00579923
3.31	-0.00617914
3.32	-0.00654465
3.33	-0.00689517
3.34	-0.00723013
3.35	-0.00754899
3.36	-0.00785126
3.37	-0.00813644
3.38	-0.00840407
3.39	-0.00865374
3.4	-0.00888504
3.41	-0.00909761
3.42	-0.00929111
3.43	-0.00946525
3.44	-0.00961974
3.45	-0.00975437
3.46	-0.00986892
3.47	-0.00996323
3.48	-0.0100372
3.49	-0.0100906
3.5	-0.0101236
3.51	-0.010136
3.52	-0.0101279
3.53	-0.0100993
3.54	-0.0100503
3.55	-0.00998114
3.56	-0.00989186
3.57	-0.0097827
3.58	-0.00965393
3.59	-0.00950582
3.6	-0.00933869
3.61	-0.00915291
3.62	-0.00894887
3.63	-0.00872702
3.64	-0.00848782
3.65	-0.00823179
3.66	-0.00795948
3.67	-0.00767146
3.68	-0.00736836
3.69	-0.00705082
3.7	-0.00671954
3.71	-0.00637523
3.72	-0.00601863
3.73	-0.00565054
3.74	-0.00527176
3.75	-0.00488312
3.76	-0.0044855
3.77	-0.00407978
3.78	-0.00366688
3.79	-0.00324774
3.8	-0.00282331
3.81	-0.00239457
3.82	-0.00196252
3.83	-0.00152816
3.84	-0.00109254
3.85	-0.000656672
3.86	-0.000221618
3.87	0.00021157
3.88	0.000641829
3.89	0.00106809
3.9	0.0014893
3.91	0.00190438
3.92	0.00231227
3.93	0.00271192
3.94	0.00310227
3.95	0.0034823
3.96	0.00385098
3.97	0.00420729
3.98	0.00455027
3.99	0.00487893
4	0.00519233
4.01	0.00548957
4.02	0.00576976
4.03	0.00603205
4.04	0.00627563
4.05	0.00649972
4.06	0.00670358
4.07	0.00688653
4.08	0.00704792
4.09	0.00718717
4.1	0.00730374
4.11	0.00739714
4.12	0.00746695
4.13	0.00751281
4.14	0.00753443
4.15	0.00753157
4.16	0.00750407
4.17	0.00745185
4.18	0.00737488
4.19	0.00727323
4.2	0.00714704
4.21	0.00699653
4.22	0.006822
4.23	0.00662383
4.24	0.00640251
4.25	0.00615858
4.26	0.0058927
4.27	0.00560559
4.28	0.0052981
4.29	0.00497113
4.3	0.00462569
4.31	0.00426287
4.32	0.00388387
4.33	0.00348996
4.34	0.0030825
4.35	0.00266295
4.36	0.00223285
4.37	0.00179382
4.38	0.00134756
4.39	0.000895845
4.4	0.000440539
4.41	-1.64336e-05
4.42	-0.000473081
4.43	-0.000927347
4.44	-0.00137712
4.45	-0.00182025
4.46	-0.00225451
4.47	-0.00267768
4.48	-0.00308747
4.49	-0.00348161
4.5	-0.00385779
4.51	-0.00421371
4.52	-0.00454707
4.53	-0.00485562
4.54	-0.00513711
4.55	-0.00538936
4.56	-0.00561025
4.57	-0.00579772
4.58	-0.00594984
4.59	-0.00606476
4.6	-0.00614076
4.61	-0.0061763
4.62	-0.00616998
4.63	-0.0061206
4.64	-0.00602719
4.65	-0.005889
4.66	-0.00570556
4.67	-0.0054767
4.68	-0.00520256
4.69	-0.00488363
4.7	-0.00452079
4.71	-0.00411536
4.72	-0.00366908
4.73	-0.00318421
4.74	-0.00266352
4.75	-0.00211035
4.76	-0.00152868
4.77	-0.000923107
4.78	-0.00029897
4.79	0.00033766
4.8	0.000979902
4.81	0.00162002
4.82	0.00224936
4.83	0.0028583
4.84	0.00343619
4.85	0.00397129
4.86	0.00445069
4.87	0.00486026
4.88	0.00518456
4.89	0.0054068
4.9	0.00550871
4.91	0.00547052
4.92	0.00527083
4.93	0.00488654
4.94	0.00429277
4.95	0.00346276
4.96	0.00236777
4.97	0.000976973
4.98	-0.000742633
4.99	-0.00282634
5	-0.00531184

 
-5	0.00280142
-4.99	0.000677605
-4.98	-0.000845408
-4.97	-0.00187011
-4.96	-0.00248667
-4.95	-0.00277401
-4.94	-0.00280093
-4.93	-0.00262701
-4.92	-0.00230357
-4.91	-0.00187445
-4.9	-0.00137682
-4.89	-0.00084183
-4.88	-0.000295321
-4.87	0.00024162
-4.86	0.000752099
-4.85	0.00122292
-4.84	0.00164412
-4.83	0.00200856
-4.82	0.00231155
-4.81	0.00255048
-4.8	0.00272455
-4.79	0.00283446
-4.78	0.00288214
-4.77	0.00287056
-4.76	0.00280352
-4.75	0.00268544
-4.74	0.00252123
-4.73	0.00231613
-4.72	0.0020756
-4.71	0.00180518
-4.7	0.00151044
-4.69	0.00119688
-4.68	0.000869824
-4.67	0.000534435
-4.66	0.000195605
-4.65	-0.000142053
-4.64	-0.000474248
-4.63	-0.000797026
-4.62	-0.00110679
-4.61	-0.00140032
-4.6	-0.00167476
-4.59	-0.00192764
-4.58	-0.00215684
-4.57	-0.00236064
-4.56	-0.00253764
-4.55	-0.0026868
-4.54	-0.00280743
-4.53	-0.00289911
-4.52	-0.00296176
-4.51	-0.00299555
-4.5	-0.00300091
-4.49	-0.00297852
-4.48	-0.00292927
-4.47	-0.00285424
-4.46	-0.00275471
-4.45	-0.00263207
-4.44	-0.00248789
-4.43	-0.00232383
-4.42	-0.00214165
-4.41	-0.00194319
-4.4	-0.00173035
-4.39	-0.00150506
-4.38	-0.00126928
-4.37	-0.001025
-4.36	-0.000774162
-4.35	-0.000518732
-4.34	-0.00026062
-4.33	-1.70084e-06
-4.32	0.000256206
-4.31	0.000511344
-4.3	0.000762029
-4.29	0.00100666
-4.28	0.00124371
-4.27	0.00147177
-4.26	0.0016895
-4.25	0.00189569
-4.24	0.00208921
-4.23	0.00226905
-4.22	0.00243432
-4.21	0.00258422
-4.2	0.00271808
-4.19	0.00283533
-4.18	0.00293551
-4.17	0.00301828
-4.16	0.0030834
-4.15	0.00313073
-4.14	0.00316024
-4.13	0.003172
-4.12	0.00316616
-4.11	0.00314297
-4.1	0.00310278
-4.09	0.00304601
-4.08	0.00297314
-4.07	0.00288476
-4.06	0.00278149
-4.05	0.00266404
-4.04	0.00253316
-4.03	0.00238966
-4.02	0.00223439
-4.01	0.00206825
-4	0.00189216
-3.99	0.00170709
-3.98	0.00151402
-3.97	0.00131395
-3.96	0.00110789
-3.95	0.000896882
-3.94	0.000681943
-3.93	0.000464107
-3.92	0.000244398
-3.91	2.38309e-05
-3.9	-0.000196592
-3.89	-0.000415887
-3.88	-0.000633093
-3.87	-0.000847271
-3.86	-0.00105751
-3.85	-0.00126294
-3.84	-0.00146271
-3.83	-0.00165602
-3.82	-0.00184211
-3.81	-0.00202024
-3.8	-0.00218973
-3.79	-0.00234997
-3.78	-0.00250034
-3.77	-0.00264032
-3.76	-0.00276942
-3.75	-0.0028872
-3.74	-0.00299327
-3.73	-0.00308729
-3.72	-0.00316898
-3.71	-0.00323811
-3.7	-0.00329449
-3.69	-0.003338
-3.68	-0.00336855
-3.67	-0.00338612
-3.66	-0.00339073
-3.65	-0.00338243
-3.64	-0.00336136
-3.63	-0.00332767
-3.62	-0.00328156
-3.61	-0.00322328
-3.6	-0.00315312
-3.59	-0.00307142
-3.58	-0.00297852
-3.57	-0.00287484
-3.56	-0.00276081
-3.55	-0.00263689
-3.54	-0.00250358
-3.53	-0.0023614
-3.52	-0.00221089
-3.51	-0.00205263
-3.5	-0.0018872
-3.49	-0.00171522
-3.48	-0.00153729
-3.47	-0.00135407
-3.46	-0.00116619
-3.45	-0.000974305
-3.44	-0.000779083
-3.43	-0.000581187
-3.42	-0.000381283
-3.41	-0.000180037
-3.4	2.18861e-05
-3.39	0.000223828
-3.38	0.000425136
-3.37	0.000625166
-3.36	0.000823285
-3.35	0.00101887
-3.34	0.00121132
-3.33	0.00140005
-3.32	0.00158447
-3.31	0.00176404
-3.3	0.00193822
-3.29	0.00210651
-3.28	0.0022684
-3.27	0.00242346
-3.26	0.00257122
-3.25	0.00271129
-3.24	0.00284328
-3.23	0.00296683
-3.22	0.00308162
-3.21	0.00318736
-3.2	0.00328377
-3.19	0.00337062
-3.18	0.00344771
-3.17	0.00351487
-3.16	0.00357195
-3.15	0.00361884
-3.14	0.00365547
-3.13	0.00368178
-3.12	0.00369778
-3.11	0.00370346
-3.1	0.00369887
-3.09	0.00368411
-3.08	0.00365926
-3.07	0.00362446
-3.06	0.00357989
-3.05	0.00352574
-3.04	0.00346221
-3.03	0.00338957
-3.02	0.00330808
-3.01	0.00321804
-3	0.00311977
-2.99	0.00301362
-2.98	0.00289994
-2.97	0.00277912
-2.96	0.00265158
-2.95	0.00251772
-2.94	0.002378
-2.93	0.00223286
-2.92	0.00208278
-2.91	0.00192825
-2.9	0.00176975
-2.89	0.0016078
-2.88	0.00144291
-2.87	0.00127561
-2.86	0.00110643
-2.85	0.000935908
-2.84	0.000764587
-2.83	0.000593012
-2.82	0.000421733
-2.81	0.000251297
-2.8	8.22554e-05
-2.79	-8.4846e-05
-2.78	-0.000249462
-2.77	-0.000411052
-2.76	-0.000569079
-2.75	-0.000723012
-2.74	-0.000872328
-2.73	-0.00101651
-2.72	-0.00115505
-2.71	-0.00128746
-2.7	-0.00141324
-2.69	-0.00153191
-2.68	-0.00164302
-2.67	-0.00174612
-2.66	-0.00184075
-2.65	-0.00192651
-2.64	-0.00200298
-2.63	-0.00206976
-2.62	-0.00212647
-2.61	-0.00217276
-2.6	-0.00220827
-2.59	-0.00223266
-2.58	-0.00224563
-2.57	-0.00224688
-2.56	-0.00223612
-2.55	-0.00221308
-2.54	-0.00217752
-2.53	-0.0021292
-2.52	-0.00206792
-2.51	-0.00199346
-2.5	-0.00190564
-2.49	-0.0018043
-2.48	-0.00168928
-2.47	-0.00156044
-2.46	-0.00141765
-2.45	-0.00126082
-2.44	-0.00108984
-2.43	-0.000904619
-2.42	-0.000705093
-2.41	-0.0004912
-2.4	-0.000262887
-2.39	-2.0115e-05
-2.38	0.000237149
-2.37	0.00050893
-2.36	0.000795242
-2.35	0.0010961
-2.34	0.0014115
-2.33	0.00174145
-2.32	0.00208595
-2.31	0.00244499
-2.3	0.00281857
-2.29	0.00320667
-2.28	0.0036093
-2.27	0.00402645
-2.26	0.00445812
-2.25	0.00490431
-2.24	0.00536503
-2.23	0.00584031
-2.22	0.00633015
-2.21	0.0068346
-2.2	0.00735369
-2.19	0.00788748
-2.18	0.00843604
-2.17	0.00899943
-2.16	0.00957776
-2.15	0.0101711
-2.14	0.0107797
-2.13	0.0114035
-2.12	0.0120428
-2.11	0.0126977
-2.1	0.0133685
-2.09	0.0140554
-2.08	0.0147585
-2.07	0.0154782
-2.06	0.0162148
-2.05	0.0169686
-2.04	0.0177399
-2.03	0.018529
-2.02	0.0193364
-2.01	0.0201625
-2	0.0210078
-1.99	0.0218726
-1.98	0.0227575
-1.97	0.0236631
-1.96	0.0245899
-1.95	0.0255385
-1.94	0.0265095
-1.93	0.0275036
-1.92	0.0285215
-1.91	0.0295638
-1.9	0.0306313
-1.89	0.0317248
-1.88	0.032845
-1.87	0.0339929
-1.86	0.0351693
-1.85	0.036375
-1.84	0.0376111
-1.83	0.0388784
-1.82	0.0401779
-1.81	0.0415106
-1.8	0.0428777
-1.79	0.04428
-1.78	0.0457188
-1.77	0.0471951
-1.76	0.0487101
-1.75	0.0502648
-1.74	0.0518606
-1.73	0.0534986
-1.72	0.0551801
-1.71	0.0569062
-1.7	0.0586783
-1.69	0.0604975
-1.68	0.0623653
-1.67	0.0642829
-1.66	0.0662516
-1.65	0.0682728
-1.64	0.0703477
-1.63	0.0724779
-1.62	0.0746645
-1.61	0.076909
-1.6	0.0792127
-1.59	0.0815771
-1.58	0.0840034
-1.57	0.086493
-1.56	0.0890473
-1.55	0.0916677
-1.54	0.0943555
-1.53	0.0971119
-1.52	0.0999385
-1.51	0.102836
-1.5	0.105807
-1.49	0.108852
-1.48	0.111971
-1.47	0.115168
-1.46	0.118442
-1.45	0.121795
-1.44	0.125228
-1.43	0.128742
-1.42	0.132338
-1.41	0.136018
-1.4	0.139782
-1.39	0.143632
-1.38	0.147568
-1.37	0.151592
-1.36	0.155704
-1.35	0.159905
-1.34	0.164196
-1.33	0.168577
-1.32	0.17305
-1.31	0.177615
-1.3	0.182273
-1.29	0.187023
-1.28	0.191868
-1.27	0.196806
-1.26	0.201839
-1.25	0.206966
-1.24	0.212189
-1.23	0.217506
-1.22	0.222919
-1.21	0.228428
-1.2	0.234031
-1.19	0.23973
-1.18	0.245524
-1.17	0.251413
-1.16	0.257396
-1.15	0.263473
-1.14	0.269644
-1.13	0.275908
-1.12	0.282265
-1.11	0.288714
-1.1	0.295253
-1.09	0.301883
-1.08	0.308602
-1.07	0.31541
-1.06	0.322305
-1.05	0.329286
-1.04	0.336352
-1.03	0.343501
-1.02	0.350732
-1.01	0.358044
-1	0.365435
-0.99	0.372904
-0.98	0.380448
-0.97	0.388066
-0.96	0.395756
-0.95	0.403516
-0.94	0.411345
-0.93	0.419239
-0.92	0.427196
-0.91	0.435215
-0.9	0.443293
-0.89	0.451428
-0.88	0.459617
-0.87	0.467858
-0.86	0.476147
-0.85	0.484482
-0.84	0.492861
-0.83	0.501281
-0.82	0.509738
-0.81	0.51823
-0.8	0.526754
-0.79	0.535306
-0.78	0.543883
-0.77	0.552483
-0.76	0.561102
-0.75	0.569736
-0.74	0.578382
-0.73	0.587037
-0.72	0.595698
-0.71	0.60436
-0.7	0.613021
-0.69	0.621676
-0.68	0.630322
-0.67	0.638956
-0.66	0.647573
-0.65	0.65617
-0.64	0.664744
-0.63	0.673289
-0.62	0.681804
-0.61	0.690283
-0.6	0.698723
-0.59	0.70712
-0.58	0.71547
-0.57	0.72377
-0.56	0.732015
-0.55	0.740202
-0.54	0.748327
-0.53	0.756385
-0.52	0.764373
-0.51	0.772288
-0.5	0.780124
-0.49	0.787879
-0.48	0.795549
-0.47	0.803129
-0.46	0.810617
-0.45	0.818008
-0.44	0.825298
-0.43	0.832484
-0.42	0.839563
-0.41	0.84653
-0.4	0.853382
-0.39	0.860115
-0.38	0.866727
-0.37	0.873213
-0.36	0.879571
-0.35	0.885796
-0.34	0.891886
-0.33	0.897838
-0.32	0.903648
-0.31	0.909313
-0.3	0.91483
-0.29	0.920196
-0.28	0.925409
-0.27	0.930465
-0.26	0.935362
-0.25	0.940098
-0.24	0.944669
-0.23	0.949073
-0.22	0.953308
-0.21	0.957371
-0.2	0.96126
-0.19	0.964974
-0.18	0.96851
-0.17	0.971866
-0.16	0.97504
-0.15	0.978031
-0.14	0.980836
-0.13	0.983455
-0.12	0.985886
-0.11	0.988128
-0.1	0.990178
-0.09	0.992037
-0.08	0.993703
-0.07	0.995176
-0.06	0.996453
-0.05	0.997536
-0.04	0.998422
-0.03	0.999112
-0.02	0.999605
-0.01	0.999901
0	1
0.01	0.999902
0.02	0.999606
0.03	0.999113
0.04	0.998423
0.05	0.997537
0.06	0.996456
0.07	0.995178
0.08	0.993706
0.09	0.992041
0.1	0.990182
0.11	0.988132
0.12	0.985891
0.13	0.98346
0.14	0.980842
0.15	0.978036
0.16	0.975046
0.17	0.971872
0.18	0.968516
0.19	0.964981
0.2	0.961268
0.21	0.957378
0.22	0.953315
0.23	0.949081
0.24	0.944677
0.25	0.940106
0.26	0.935371
0.27	0.930474
0.28	0.925418
0.29	0.920205
0.3	0.914839
0.31	0.909322
0.32	0.903657
0.33	0.897848
0.34	0.891896
0.35	0.885806
0.36	0.879581
0.37	0.873224
0.38	0.866737
0.39	0.860126
0.4	0.853392
0.41	0.84654
0.42	0.839573
0.43	0.832495
0.44	0.825308
0.45	0.818018
0.46	0.810627
0.47	0.80314
0.48	0.795559
0.49	0.78789
0.5	0.780134
0.51	0.772298
0.52	0.764383
0.53	0.756395
0.54	0.748336
0.55	0.740212
0.56	0.732025
0.57	0.723779
0.58	0.715479
0.59	0.707129
0.6	0.698731
0.61	0.690291
0.62	0.681812
0.63	0.673297
0.64	0.664751
0.65	0.656177
0.66	0.64758
0.67	0.638962
0.68	0.630328
0.69	0.621682
0.7	0.613026
0.71	0.604365
0.72	0.595703
0.73	0.587042
0.74	0.578386
0.75	0.56974
0.76	0.561105
0.77	0.552486
0.78	0.543886
0.79	0.535308
0.8	0.526756
0.81	0.518232
0.82	0.50974
0.83	0.501282
0.84	0.492862
0.85	0.484483
0.86	0.476147
0.87	0.467857
0.88	0.459616
0.89	0.451427
0.9	0.443292
0.91	0.435214
0.92	0.427194
0.93	0.419236
0.94	0.411342
0.95	0.403513
0.96	0.395753
0.97	0.388062
0.98	0.380444
0.99	0.372899
1	0.36543
1.01	0.358039
1.02	0.350727
1.03	0.343495
1.04	0.336345
1.05	0.329279
1.06	0.322298
1.07	0.315403
1.08	0.308595
1.09	0.301876
1.1	0.295246
1.11	0.288706
1.12	0.282257
1.13	0.2759
1.14	0.269636
1.15	0.263464
1.16	0.257387
1.17	0.251404
1.18	0.245515
1.19	0.239721
1.2	0.234022
1.21	0.228418
1.22	0.22291
1.23	0.217497
1.24	0.212179
1.25	0.206957
1.26	0.201829
1.27	0.196796
1.28	0.191858
1.29	0.187014
1.3	0.182263
1.31	0.177606
1.32	0.173041
1.33	0.168568
1.34	0.164187
1.35	0.159896
1.36	0.155695
1.37	0.151583
1.38	0.14756
1.39	0.143624
1.4	0.139774
1.41	0.13601
1.42	0.13233
1.43	0.128734
1.44	0.12522
1.45	0.121787
1.46	0.118435
1.47	0.115161
1.48	0.111965
1.49	0.108845
1.5	0.105801
1.51	0.102831
1.52	0.099933
1.53	0.0971068
1.54	0.0943506
1.55	0.0916632
1.56	0.0890431
1.57	0.0864891
1.58	0.0839998
1.59	0.0815739
1.6	0.0792099
1.61	0.0769065
1.62	0.0746623
1.63	0.0724761
1.64	0.0703463
1.65	0.0682717
1.66	0.0662508
1.67	0.0642825
1.68	0.0623653
1.69	0.0604979
1.7	0.0586789
1.71	0.0569073
1.72	0.0551815
1.73	0.0535004
1.74	0.0518627
1.75	0.0502673
1.76	0.0487128
1.77	0.0471982
1.78	0.0457222
1.79	0.0442838
1.8	0.0428817
1.81	0.041515
1.82	0.0401826
1.83	0.0388833
1.84	0.0376163
1.85	0.0363805
1.86	0.0351751
1.87	0.0339989
1.88	0.0328513
1.89	0.0317312
1.9	0.030638
1.91	0.0295707
1.92	0.0285286
1.93	0.0275109
1.94	0.026517
1.95	0.0255461
1.96	0.0245977
1.97	0.023671
1.98	0.0227655
1.99	0.0218807
2	0.0210159
2.01	0.0201708
2.02	0.0193447
2.03	0.0185374
2.04	0.0177483
2.05	0.016977
2.06	0.0162233
2.07	0.0154867
2.08	0.0147669
2.09	0.0140637
2.1	0.0133768
2.11	0.0127059
2.12	0.0120509
2.13	0.0114115
2.14	0.0107876
2.15	0.0101789
2.16	0.0095854
2.17	0.00900692
2.18	0.00844336
2.19	0.00789462
2.2	0.00736064
2.21	0.00684134
2.22	0.00633668
2.23	0.00584661
2.24	0.0053711
2.25	0.00491012
2.26	0.00446367
2.27	0.00403174
2.28	0.00361431
2.29	0.00321139
2.3	0.002823
2.31	0.00244912
2.32	0.00208977
2.33	0.00174495
2.34	0.00141468
2.35	0.00109895
2.36	0.000797758
2.37	0.00051111
2.38	0.00023899
2.39	-1.86166e-05
2.4	-0.000261733
2.41	-0.000490392
2.42	-0.000704632
2.43	-0.000904505
2.44	-0.00109007
2.45	-0.0012614
2.46	-0.00141858
2.47	-0.0015617
2.48	-0.00169088
2.49	-0.00180623
2.5	-0.00190791
2.51	-0.00199605
2.52	-0.00207083
2.53	-0.00213243
2.54	-0.00218105
2.55	-0.00221691
2.56	-0.00224024
2.57	-0.00225128
2.58	-0.00225031
2.59	-0.0022376
2.6	-0.00221345
2.61	-0.00217819
2.62	-0.00213213
2.63	-0.00207563
2.64	-0.00200906
2.65	-0.00193278
2.66	-0.00184721
2.67	-0.00175274
2.68	-0.00164979
2.69	-0.00153882
2.7	-0.00142027
2.71	-0.00129459
2.72	-0.00116228
2.73	-0.00102382
2.74	-0.000879695
2.75	-0.000730424
2.76	-0.00057652
2.77	-0.000418507
2.78	-0.000256915
2.79	-9.22799e-05
2.8	7.48565e-05
2.81	0.00024395
2.82	0.000414452
2.83	0.000585814
2.84	0.000757487
2.85	0.000928923
2.86	0.00109958
2.87	0.0012689
2.88	0.00143636
2.89	0.00160142
2.9	0.00176356
2.91	0.00192226
2.92	0.00207701
2.93	0.00222732
2.94	0.0023727
2.95	0.00251267
2.96	0.00264679
2.97	0.00277462
2.98	0.00289572
2.99	0.00300969
3	0.00311615
3.01	0.00321473
3.02	0.00330509
3.03	0.00338691
3.04	0.00345988
3.05	0.00352374
3.06	0.00357824
3.07	0.00362316
3.08	0.0036583
3.09	0.00368351
3.1	0.00369863
3.11	0.00370356
3.12	0.00369824
3.13	0.0036826
3.14	0.00365663
3.15	0.00362035
3.16	0.0035738
3.17	0.00351706
3.18	0.00345023
3.19	0.00337347
3.2	0.00328693
3.21	0.00319083
3.22	0.0030854
3.23	0.0029709
3.24	0.00284762
3.25	0.00271591
3.26	0.00257609
3.27	0.00242857
3.28	0.00227375
3.29	0.00211207
3.3	0.00194399
3.31	0.00176999
3.32	0.00159059
3.33	0.00140632
3.34	0.00121773
3.35	0.0010254
3.36	0.000829912
3.37	0.000631873
3.38	0.000431906
3.39	0.000230642
3.4	2.87242e-05
3.41	-0.000173194
3.42	-0.000374455
3.43	-0.000574393
3.44	-0.000772344
3.45	-0.000967639
3.46	-0.00115961
3.47	-0.00134761
3.48	-0.00153097
3.49	-0.00170904
3.5	-0.0018812
3.51	-0.00204681
3.52	-0.00220528
3.53	-0.002356
3.54	-0.00249842
3.55	-0.00263199
3.56	-0.00275618
3.57	-0.0028705
3.58	-0.00297448
3.59	-0.00306769
3.6	-0.00314972
3.61	-0.00322022
3.62	-0.00327884
3.63	-0.00332531
3.64	-0.00335936
3.65	-0.00338081
3.66	-0.00338948
3.67	-0.00338526
3.68	-0.00336807
3.69	-0.00333791
3.7	-0.00329479
3.71	-0.0032388
3.72	-0.00317006
3.73	-0.00308875
3.74	-0.00299511
3.75	-0.00288942
3.76	-0.00277201
3.77	-0.00264327
3.78	-0.00250363
3.79	-0.00235359
3.8	-0.00219369
3.81	-0.0020245
3.82	-0.00184667
3.83	-0.00166087
3.84	-0.00146783
3.85	-0.0012683
3.86	-0.0010631
3.87	-0.000853059
3.88	-0.000639064
3.89	-0.000422019
3.9	-0.000202861
3.91	1.74491e-05
3.92	0.000237928
3.93	0.000457575
3.94	0.000675376
3.95	0.000890306
3.96	0.00110134
3.97	0.00130744
3.98	0.00150758
3.99	0.00170076
4	0.00188595
4.01	0.00206219
4.02	0.00222852
4.03	0.00238399
4.04	0.00252773
4.05	0.00265887
4.06	0.00277661
4.07	0.00288018
4.08	0.0029689
4.09	0.00304212
4.1	0.00309927
4.11	0.00313985
4.12	0.00316344
4.13	0.00316971
4.14	0.00315839
4.15	0.00312933
4.16	0.00308245
4.17	0.0030178
4.18	0.0029355
4.19	0.00283579
4.2	0.00271902
4.21	0.00258563
4.22	0.0024362
4.23	0.0022714
4.24	0.00209201
4.25	0.00189893
4.26	0.00169316
4.27	0.00147584
4.28	0.00124817
4.29	0.00101148
4.3	0.000767184
4.31	0.000516809
4.32	0.000261949
4.33	4.28843e-06
4.34	-0.00025442
4.35	-0.000512359
4.36	-0.000767657
4.37	-0.0010184
4.38	-0.00126264
4.39	-0.00149841
4.4	-0.00172374
4.41	-0.00193667
4.42	-0.00213526
4.43	-0.00231762
4.44	-0.0024819
4.45	-0.00262636
4.46	-0.00274932
4.47	-0.00284922
4.48	-0.00292465
4.49	-0.00297436
4.5	-0.00299723
4.51	-0.0029924
4.52	-0.00295917
4.53	-0.00289711
4.54	-0.00280604
4.55	-0.00268606
4.56	-0.00253755
4.57	-0.00236121
4.58	-0.00215809
4.59	-0.00192955
4.6	-0.00167734
4.61	-0.00140354
4.62	-0.00111064
4.63	-0.000801464
4.64	-0.000479243
4.65	-0.000147559
4.66	0.000189641
4.67	0.000528074
4.68	0.000863136
4.69	0.00118994
4.7	0.00150334
4.71	0.001798
4.72	0.00206844
4.73	0.00230911
4.74	0.00251444
4.75	0.002679
4.76	0.00279754
4.77	0.00286516
4.78	0.00287743
4.79	0.00283055
4.8	0.00272155
4.81	0.00254847
4.82	0.00231062
4.83	0.00200878
4.84	0.00164553
4.85	0.00122555
4.86	0.000755945
4.87	0.000246637
4.88	-0.000289216
4.89	-0.000834768
4.9	-0.00136899
4.91	-0.0018661
4.92	-0.00229502
4.93	-0.00261867
4.94	-0.0027933
4.95	-0.0027677
4.96	-0.0024824
4.97	-0.00186875
4.98	-0.000847954
4.99	0.000669979
5	0.00278736
