  1       -3.152678       -1.231337      -0.211769 
  2       -8.967207      -10.493121       1.344673 
  3       -1.163736       -1.087574       0.686846 
  4        0.419697        0.385465       0.808288 
  5       -0.057194       -0.057572       1.012663 
  6       -0.000342       -0.000342       1.000085 
  7       -0.000000       -0.000000       1.000000 
  8       -0.000000       -0.000000       1.000000 
  9        0.000000        0.000000       1.000000 
 10        0.000000        0.000000       1.000000 

  1        4.732397       -3.799248      -1.163092 
  2        1.465892        0.725898      -0.261760 
  3        4.239030       -3.136213      -1.515636 
  4        2.169791        0.237404      -1.106260 
  5        2.384391       -0.023775      -1.322859 
  6        2.366419       -0.000152      -1.305904 
  7        2.366302       -0.000000      -1.305794 
  8        2.366302       -0.000000      -1.305794 
  9        2.366302       -0.000000      -1.305794 
 10        2.366302       -0.000000      -1.305794 

