  1       -3.054857       -9.171140      -8.989358 
  2       -2.256385       -1.253146      -9.171140 
  3       -9.415569       -1.410456      -1.253146 
  4       -1.213272      -11.090826      -1.410456 
  5       -0.291223       -1.120770     -11.090826 
  6        0.042316       -0.297725      -1.120770 
  7        0.001012        0.042079      -0.297725 
  8       -0.000006        0.001012       0.042079 
  9        0.000000       -0.000006       0.001012 
 10        0.000000        0.000000      -0.000006 
 11       -0.000000        0.000000       0.000000 
 12        0.000000       -0.000000       0.000000 
 13        0.000000        0.000000      -0.000000 
 14            -nan        0.000000       0.000000 
 15            -nan            -nan       0.000000 

  1        4.823717       -7.231360      -7.010642 
  2        0.983196       -3.902340      -7.231360 
  3        1.575400        0.711439      -3.902340 
  4       20.411886        0.689754       0.711439 
  5        1.826364      -51.080672       0.689754 
  6        2.024551        0.550569     -51.080672 
  7        2.491247        0.386457       0.550569 
  8        2.348479       -0.170328       0.386457 
  9        2.365543        0.023123      -0.170328 
 10        2.366307        0.000991       0.023123 
 11        2.366302       -0.000006       0.000991 
 12        2.366302        0.000000      -0.000006 
 13        2.366302        0.000000       0.000000 
 14        2.366302       -0.000000       0.000000 
 15            -nan       -0.000000      -0.000000 

